run_id,schema_version,event_id,trace_id,proc_id,module,phase,mono_ns,pid,tid
202607182026,e2e_trace_v3,0,17293970595150562193,11806,guardian,proc_enter,7230510729952,493210,493305
202607182026,e2e_trace_v3,1,17293970595150562193,11806,guardian,output_pub,7230511260768,493210,493305
202607182026,e2e_trace_v3,2,17293970595150562193,11807,guardian,proc_enter,7230518688832,493210,493302
202607182026,e2e_trace_v3,3,17293970595150562193,11807,guardian,output_pub,7230518784672,493210,493302
202607182026,e2e_trace_v3,4,17293970595150562193,11808,guardian,proc_enter,7230530725056,493210,493310
202607182026,e2e_trace_v3,5,17293970595150562193,11808,guardian,output_pub,7230530864448,493210,493310
202607182026,e2e_trace_v3,6,17293970595150562194,11809,guardian,proc_enter,7230540731456,493210,493309
202607182026,e2e_trace_v3,7,17293970595150562194,11809,guardian,output_pub,7230540922016,493210,493309
202607182026,e2e_trace_v3,8,17293970595150562194,11810,guardian,proc_enter,7230550684768,493210,493308
202607182026,e2e_trace_v3,9,17293970595150562194,11810,guardian,output_pub,7230550823680,493210,493308
202607182026,e2e_trace_v3,10,17293970595150562194,11811,guardian,proc_enter,7230560713472,493210,493311
202607182026,e2e_trace_v3,11,17293970595150562194,11811,guardian,output_pub,7230560869248,493210,493311
202607182026,e2e_trace_v3,12,17293970595150562194,11812,guardian,proc_enter,7230570708544,493210,493300
202607182026,e2e_trace_v3,13,17293970595150562194,11812,guardian,output_pub,7230570810528,493210,493300
202607182026,e2e_trace_v3,14,17293970595150562194,11813,guardian,proc_enter,7230580759424,493210,493302
202607182026,e2e_trace_v3,15,17293970595150562194,11813,guardian,output_pub,7230580928672,493210,493302
202607182026,e2e_trace_v3,16,17293970595150562194,11814,guardian,proc_enter,7230590718784,493210,493312
202607182026,e2e_trace_v3,17,17293970595150562194,11814,guardian,output_pub,7230590836352,493210,493312
202607182026,e2e_trace_v3,18,17293970595150562194,11815,guardian,proc_enter,7230600759520,493210,493300
202607182026,e2e_trace_v3,19,17293970595150562194,11815,guardian,output_pub,7230600919936,493210,493300
202607182026,e2e_trace_v3,20,17293970595150562194,11816,guardian,proc_enter,7230610739840,493210,493300
202607182026,e2e_trace_v3,21,17293970595150562194,11816,guardian,output_pub,7230610861536,493210,493300
202607182026,e2e_trace_v3,22,17293970595150562194,11817,guardian,proc_enter,7230620754176,493210,493306
202607182026,e2e_trace_v3,23,17293970595150562194,11817,guardian,output_pub,7230620894272,493210,493306
202607182026,e2e_trace_v3,24,17293970595150562194,11818,guardian,proc_enter,7230630729952,493210,493314
202607182026,e2e_trace_v3,25,17293970595150562194,11818,guardian,output_pub,7230630856800,493210,493314
202607182026,e2e_trace_v3,26,17293970595150562194,11819,guardian,proc_enter,7230648533664,493210,493301
202607182026,e2e_trace_v3,27,17293970595150562194,11819,guardian,output_pub,7230648666848,493210,493301
202607182026,e2e_trace_v3,28,17293970595150562194,11820,guardian,proc_enter,7230650551808,493210,493305
202607182026,e2e_trace_v3,29,17293970595150562194,11820,guardian,output_pub,7230650622304,493210,493305
202607182026,e2e_trace_v3,30,17293970595150562194,11821,guardian,proc_enter,7230660564896,493210,493307
202607182026,e2e_trace_v3,31,17293970595150562194,11821,guardian,output_pub,7230660725376,493210,493307
202607182026,e2e_trace_v3,32,17293970595150562195,11822,guardian,proc_enter,7230670541248,493210,493314
202607182026,e2e_trace_v3,33,17293970595150562195,11822,guardian,output_pub,7230670692448,493210,493314
202607182026,e2e_trace_v3,34,17293970595150562195,11823,guardian,proc_enter,7230680539424,493210,493300
202607182026,e2e_trace_v3,35,17293970595150562195,11823,guardian,output_pub,7230680671904,493210,493300
202607182026,e2e_trace_v3,36,17293970595150562195,11824,guardian,proc_enter,7230690560544,493210,493306
202607182026,e2e_trace_v3,37,17293970595150562195,11824,guardian,output_pub,7230690731872,493210,493306
202607182026,e2e_trace_v3,38,17293970595150562195,11825,guardian,proc_enter,7230700578400,493210,493310
202607182026,e2e_trace_v3,39,17293970595150562195,11825,guardian,output_pub,7230700780000,493210,493310
202607182026,e2e_trace_v3,40,17293970595150562195,11826,guardian,proc_enter,7230710651360,493210,493304
202607182026,e2e_trace_v3,41,17293970595150562195,11826,guardian,output_pub,7230710781408,493210,493304
202607182026,e2e_trace_v3,42,17293970595150562195,11827,guardian,proc_enter,7230720558816,493210,493299
202607182026,e2e_trace_v3,43,17293970595150562195,11827,guardian,output_pub,7230720680832,493210,493299
202607182026,e2e_trace_v3,44,17293970595150562195,11828,guardian,proc_enter,7230730567744,493210,493311
202607182026,e2e_trace_v3,45,17293970595150562195,11828,guardian,output_pub,7230730672864,493210,493311
202607182026,e2e_trace_v3,46,17293970595150562195,11829,guardian,proc_enter,7230740577280,493210,493306
202607182026,e2e_trace_v3,47,17293970595150562195,11829,guardian,output_pub,7230740764096,493210,493306
202607182026,e2e_trace_v3,48,17293970595150562195,11830,guardian,proc_enter,7230750572544,493210,493307
202607182026,e2e_trace_v3,49,17293970595150562195,11830,guardian,output_pub,7230750687744,493210,493307
202607182026,e2e_trace_v3,50,17293970595150562195,11831,guardian,proc_enter,7230760589856,493210,493309
202607182026,e2e_trace_v3,51,17293970595150562195,11831,guardian,output_pub,7230760754592,493210,493309
202607182026,e2e_trace_v3,52,17293970595150562196,11832,guardian,proc_enter,7230770547776,493210,493305
202607182026,e2e_trace_v3,53,17293970595150562196,11832,guardian,output_pub,7230770805600,493210,493305
202607182026,e2e_trace_v3,54,17293970595150562196,11833,guardian,proc_enter,7230780569248,493210,493310
202607182026,e2e_trace_v3,55,17293970595150562196,11833,guardian,output_pub,7230780751104,493210,493310
202607182026,e2e_trace_v3,56,17293970595150562196,11834,guardian,proc_enter,7230790563904,493210,493299
202607182026,e2e_trace_v3,57,17293970595150562196,11834,guardian,output_pub,7230790748096,493210,493299
202607182026,e2e_trace_v3,58,17293970595150562196,11835,guardian,proc_enter,7230800560896,493210,493300
202607182026,e2e_trace_v3,59,17293970595150562196,11835,guardian,output_pub,7230800744896,493210,493300
202607182026,e2e_trace_v3,60,17293970595150562196,11836,guardian,proc_enter,7230810574656,493210,493305
202607182026,e2e_trace_v3,61,17293970595150562196,11836,guardian,output_pub,7230810758208,493210,493305
202607182026,e2e_trace_v3,62,17293970595150562196,11837,guardian,proc_enter,7230820544928,493210,493306
202607182026,e2e_trace_v3,63,17293970595150562196,11837,guardian,output_pub,7230820734720,493210,493306
202607182026,e2e_trace_v3,64,17293970595150562196,11838,guardian,proc_enter,7230830591744,493210,493312
202607182026,e2e_trace_v3,65,17293970595150562196,11838,guardian,output_pub,7230830759776,493210,493312
202607182026,e2e_trace_v3,66,17293970595150562196,11839,guardian,proc_enter,7230840566976,493210,493310
202607182026,e2e_trace_v3,67,17293970595150562196,11839,guardian,output_pub,7230840755296,493210,493310
202607182026,e2e_trace_v3,68,17293970595150562196,11840,guardian,proc_enter,7230850577280,493210,493309
202607182026,e2e_trace_v3,69,17293970595150562196,11840,guardian,output_pub,7230850749792,493210,493309
202607182026,e2e_trace_v3,70,17293970595150562196,11841,guardian,proc_enter,7230860589472,493210,493308
202607182026,e2e_trace_v3,71,17293970595150562196,11841,guardian,output_pub,7230860749888,493210,493308
202607182026,e2e_trace_v3,72,17293970595150562196,11842,guardian,proc_enter,7230870577344,493210,493309
202607182026,e2e_trace_v3,73,17293970595150562196,11842,guardian,output_pub,7230870711424,493210,493309
202607182026,e2e_trace_v3,74,17293970595150562196,11843,guardian,proc_enter,7230880568736,493210,493307
202607182026,e2e_trace_v3,75,17293970595150562196,11843,guardian,output_pub,7230880725184,493210,493307
202607182026,e2e_trace_v3,76,17293970595150562197,11844,guardian,proc_enter,7230890554144,493210,493309
202607182026,e2e_trace_v3,77,17293970595150562197,11844,guardian,output_pub,7230890731488,493210,493309
202607182026,e2e_trace_v3,78,17293970595150562197,11845,guardian,proc_enter,7230900565440,493210,493308
202607182026,e2e_trace_v3,79,17293970595150562197,11845,guardian,output_pub,7230900891648,493210,493308
202607182026,e2e_trace_v3,80,17293970595150562197,11846,guardian,proc_enter,7230910549504,493210,493300
202607182026,e2e_trace_v3,81,17293970595150562197,11846,guardian,output_pub,7230910731168,493210,493300
202607182026,e2e_trace_v3,82,17293970595150562197,11847,guardian,proc_enter,7230920585728,493210,493314
202607182026,e2e_trace_v3,83,17293970595150562197,11847,guardian,output_pub,7230920796416,493210,493314
202607182026,e2e_trace_v3,84,17293970595150562197,11848,guardian,proc_enter,7230930535072,493210,493307
202607182026,e2e_trace_v3,85,17293970595150562197,11848,guardian,output_pub,7230930731104,493210,493307
202607182026,e2e_trace_v3,86,17293970595150562197,11849,guardian,proc_enter,7230940519584,493210,493304
202607182026,e2e_trace_v3,87,17293970595150562197,11849,guardian,output_pub,7230940642144,493210,493304
202607182026,e2e_trace_v3,88,17293970595150562197,11850,guardian,proc_enter,7230950586336,493210,493314
202607182026,e2e_trace_v3,89,17293970595150562197,11850,guardian,output_pub,7230950748768,493210,493314
202607182026,e2e_trace_v3,90,17293970595150562197,11851,guardian,proc_enter,7230960517344,493210,493309
202607182026,e2e_trace_v3,91,17293970595150562197,11851,guardian,output_pub,7230960685504,493210,493309
202607182026,e2e_trace_v3,92,17293970595150562197,11852,guardian,proc_enter,7230970592288,493210,493314
202607182026,e2e_trace_v3,93,17293970595150562197,11852,guardian,output_pub,7230970772768,493210,493314
202607182026,e2e_trace_v3,94,17293970595150562197,11853,guardian,proc_enter,7230980535776,493210,493313
202607182026,e2e_trace_v3,95,17293970595150562197,11853,guardian,output_pub,7230980732064,493210,493313
202607182026,e2e_trace_v3,96,17293970595150562197,11854,guardian,proc_enter,7230990598176,493210,493309
202607182026,e2e_trace_v3,97,17293970595150562197,11854,guardian,output_pub,7230990779040,493210,493309
202607182026,e2e_trace_v3,98,17293970595150562197,11855,guardian,proc_enter,7231000553696,493210,493308
202607182026,e2e_trace_v3,99,17293970595150562197,11855,guardian,output_pub,7231000687168,493210,493308
202607182026,e2e_trace_v3,100,17293970595150562197,11856,guardian,proc_enter,7231010573056,493210,493302
202607182026,e2e_trace_v3,101,17293970595150562197,11856,guardian,output_pub,7231010695552,493210,493302
202607182026,e2e_trace_v3,102,17293970595150562198,11857,guardian,proc_enter,7231020562848,493210,493305
202607182026,e2e_trace_v3,103,17293970595150562198,11857,guardian,output_pub,7231020730592,493210,493305
202607182026,e2e_trace_v3,104,17293970595150562198,11858,guardian,proc_enter,7231030536448,493210,493304
202607182026,e2e_trace_v3,105,17293970595150562198,11858,guardian,output_pub,7231030726624,493210,493304
202607182026,e2e_trace_v3,106,17293970595150562198,11859,guardian,proc_enter,7231040589536,493210,493312
202607182026,e2e_trace_v3,107,17293970595150562198,11859,guardian,output_pub,7231040713216,493210,493312
202607182026,e2e_trace_v3,108,17293970595150562198,11860,guardian,proc_enter,7231050555968,493210,493299
202607182026,e2e_trace_v3,109,17293970595150562198,11860,guardian,output_pub,7231050701920,493210,493299
202607182026,e2e_trace_v3,110,17293970595150562198,11861,guardian,proc_enter,7231060550208,493210,493312
202607182026,e2e_trace_v3,111,17293970595150562198,11861,guardian,output_pub,7231060664000,493210,493312
202607182026,e2e_trace_v3,112,17293970595150562198,11862,guardian,proc_enter,7231070542240,493210,493301
202607182026,e2e_trace_v3,113,17293970595150562198,11862,guardian,output_pub,7231070645792,493210,493301
202607182026,e2e_trace_v3,114,17293970595150562198,11863,guardian,proc_enter,7231080534368,493210,493309
202607182026,e2e_trace_v3,115,17293970595150562198,11863,guardian,output_pub,7231080621536,493210,493309
202607182026,e2e_trace_v3,116,17293970595150562198,11864,guardian,proc_enter,7231090526272,493210,493306
202607182026,e2e_trace_v3,117,17293970595150562198,11864,guardian,output_pub,7231090611040,493210,493306
202607182026,e2e_trace_v3,118,17293970595150562198,11865,guardian,proc_enter,7231100539296,493210,493312
202607182026,e2e_trace_v3,119,17293970595150562198,11865,guardian,output_pub,7231100639584,493210,493312
202607182026,e2e_trace_v3,120,17293970595150562199,11866,guardian,proc_enter,7231110546144,493210,493308
202607182026,e2e_trace_v3,121,17293970595150562199,11866,guardian,output_pub,7231110662560,493210,493308
202607182026,e2e_trace_v3,122,17293970595150562199,11867,guardian,proc_enter,7231120498176,493210,493301
202607182026,e2e_trace_v3,123,17293970595150562199,11867,guardian,output_pub,7231120577376,493210,493301
202607182026,e2e_trace_v3,124,17293970595150562199,11868,guardian,proc_enter,7231130513216,493210,493307
202607182026,e2e_trace_v3,125,17293970595150562199,11868,guardian,output_pub,7231130624480,493210,493307
202607182026,e2e_trace_v3,126,17293970595150562199,11869,guardian,proc_enter,7231140571136,493210,493304
202607182026,e2e_trace_v3,127,17293970595150562199,11869,guardian,output_pub,7231140692224,493210,493304
202607182026,e2e_trace_v3,128,17293970595150562199,11870,guardian,proc_enter,7231150548192,493210,493313
202607182026,e2e_trace_v3,129,17293970595150562199,11870,guardian,output_pub,7231150630624,493210,493313
202607182026,e2e_trace_v3,130,17293970595150562199,11871,guardian,proc_enter,7231160548384,493210,493313
202607182026,e2e_trace_v3,131,17293970595150562199,11871,guardian,output_pub,7231160698368,493210,493313
202607182026,e2e_trace_v3,132,17293970595150562199,11872,guardian,proc_enter,7231170667904,493210,493310
202607182026,e2e_trace_v3,133,17293970595150562199,11872,guardian,output_pub,7231170862784,493210,493310
202607182026,e2e_trace_v3,134,17293970595150562199,11873,guardian,proc_enter,7231180571104,493210,493312
202607182026,e2e_trace_v3,135,17293970595150562199,11873,guardian,output_pub,7231180729280,493210,493312
202607182026,e2e_trace_v3,136,17293970595150562199,11874,guardian,proc_enter,7231190563072,493210,493311
202607182026,e2e_trace_v3,137,17293970595150562199,11874,guardian,output_pub,7231190701504,493210,493311
202607182026,e2e_trace_v3,138,17293970595150562199,11875,guardian,proc_enter,7231200544064,493210,493306
202607182026,e2e_trace_v3,139,17293970595150562199,11875,guardian,output_pub,7231200673568,493210,493306
202607182026,e2e_trace_v3,140,17293970595150562200,11876,guardian,proc_enter,7231218563168,493210,493310
202607182026,e2e_trace_v3,141,17293970595150562200,11876,guardian,output_pub,7231218712192,493210,493310
202607182026,e2e_trace_v3,142,17293970595150562200,11877,guardian,proc_enter,7231220614592,493210,493308
202607182026,e2e_trace_v3,143,17293970595150562200,11877,guardian,output_pub,7231220760992,493210,493308
202607182026,e2e_trace_v3,144,17293970595150562200,11878,guardian,proc_enter,7231230563104,493210,493312
202607182026,e2e_trace_v3,145,17293970595150562200,11878,guardian,output_pub,7231230719488,493210,493312
202607182026,e2e_trace_v3,146,17293970595150562200,11879,guardian,proc_enter,7231240638336,493210,493311
202607182026,e2e_trace_v3,147,17293970595150562200,11879,guardian,output_pub,7231240778144,493210,493311
202607182026,e2e_trace_v3,148,17293970595150562200,11880,guardian,proc_enter,7231250550272,493210,493301
202607182026,e2e_trace_v3,149,17293970595150562200,11880,guardian,output_pub,7231250748064,493210,493301
202607182026,e2e_trace_v3,150,17293970595150562200,11881,guardian,proc_enter,7231260495104,493210,493305
202607182026,e2e_trace_v3,151,17293970595150562200,11881,guardian,output_pub,7231260679200,493210,493305
202607182026,e2e_trace_v3,152,17293970595150562200,11882,guardian,proc_enter,7231270543584,493210,493307
202607182026,e2e_trace_v3,153,17293970595150562200,11882,guardian,output_pub,7231270735936,493210,493307
202607182026,e2e_trace_v3,154,17293970595150562200,11883,guardian,proc_enter,7231280557376,493210,493300
202607182026,e2e_trace_v3,155,17293970595150562200,11883,guardian,output_pub,7231280761824,493210,493300
202607182026,e2e_trace_v3,156,17293970595150562200,11884,guardian,proc_enter,7231290567808,493210,493312
202607182026,e2e_trace_v3,157,17293970595150562200,11884,guardian,output_pub,7231290904576,493210,493312
202607182026,e2e_trace_v3,158,17293970595150562200,11885,guardian,proc_enter,7231300542112,493210,493314
202607182026,e2e_trace_v3,159,17293970595150562200,11885,guardian,output_pub,7231300763712,493210,493314
202607182026,e2e_trace_v3,160,17293970595150562200,11886,guardian,proc_enter,7231310554784,493210,493299
202607182026,e2e_trace_v3,161,17293970595150562200,11886,guardian,output_pub,7231310722464,493210,493299
202607182026,e2e_trace_v3,162,17293970595150562200,11887,guardian,proc_enter,7231320574080,493210,493310
202607182026,e2e_trace_v3,163,17293970595150562200,11887,guardian,output_pub,7231320675520,493210,493310
202607182026,e2e_trace_v3,164,17293970595150562200,11888,guardian,proc_enter,7231330554112,493210,493314
202607182026,e2e_trace_v3,165,17293970595150562200,11888,guardian,output_pub,7231330712320,493210,493314
202607182026,e2e_trace_v3,166,17293970595150562200,11889,guardian,proc_enter,7231340544544,493210,493304
202607182026,e2e_trace_v3,167,17293970595150562200,11889,guardian,output_pub,7231340668960,493210,493304
202607182026,e2e_trace_v3,168,17293970595150562200,11890,guardian,proc_enter,7231350560064,493210,493299
202607182026,e2e_trace_v3,169,17293970595150562200,11890,guardian,output_pub,7231350676928,493210,493299
202607182026,e2e_trace_v3,170,17293970595150562200,11891,guardian,proc_enter,7231360565920,493210,493300
202607182026,e2e_trace_v3,171,17293970595150562200,11891,guardian,output_pub,7231360783648,493210,493300
202607182026,e2e_trace_v3,172,17293970595150562201,11892,guardian,proc_enter,7231370503872,493210,493310
202607182026,e2e_trace_v3,173,17293970595150562201,11892,guardian,output_pub,7231370630368,493210,493310
202607182026,e2e_trace_v3,174,17293970595150562201,11893,guardian,proc_enter,7231380529664,493210,493299
202607182026,e2e_trace_v3,175,17293970595150562201,11893,guardian,output_pub,7231380677888,493210,493299
202607182026,e2e_trace_v3,176,17293970595150562201,11894,guardian,proc_enter,7231390511936,493210,493313
202607182026,e2e_trace_v3,177,17293970595150562201,11894,guardian,output_pub,7231390619072,493210,493313
202607182026,e2e_trace_v3,178,17293970595150562201,11895,guardian,proc_enter,7231400543968,493210,493300
202607182026,e2e_trace_v3,179,17293970595150562201,11895,guardian,output_pub,7231400734112,493210,493300
202607182026,e2e_trace_v3,180,17293970595150562201,11896,guardian,proc_enter,7231410505088,493210,493302
202607182026,e2e_trace_v3,181,17293970595150562201,11896,guardian,output_pub,7231410616544,493210,493302
202607182026,e2e_trace_v3,182,17293970595150562201,11897,guardian,proc_enter,7231420564352,493210,493312
202607182026,e2e_trace_v3,183,17293970595150562201,11897,guardian,output_pub,7231420756288,493210,493312
202607182026,e2e_trace_v3,184,17293970595150562201,11898,guardian,proc_enter,7231430584448,493210,493307
202607182026,e2e_trace_v3,185,17293970595150562201,11898,guardian,output_pub,7231430763072,493210,493307
202607182026,e2e_trace_v3,186,17293970595150562201,11899,guardian,proc_enter,7231440582752,493210,493301
202607182026,e2e_trace_v3,187,17293970595150562201,11899,guardian,output_pub,7231440729024,493210,493301
202607182026,e2e_trace_v3,188,17293970595150562201,11900,guardian,proc_enter,7231450526560,493210,493307
202607182026,e2e_trace_v3,189,17293970595150562201,11900,guardian,output_pub,7231450690080,493210,493307
202607182026,e2e_trace_v3,190,17293970595150562201,11901,guardian,proc_enter,7231460523200,493210,493301
202607182026,e2e_trace_v3,191,17293970595150562201,11901,guardian,output_pub,7231460653824,493210,493301
202607182026,e2e_trace_v3,192,17293970595150562201,11902,guardian,proc_enter,7231470534240,493210,493307
202607182026,e2e_trace_v3,193,17293970595150562201,11902,guardian,output_pub,7231470666144,493210,493307
202607182026,e2e_trace_v3,194,17293970595150562202,11903,guardian,proc_enter,7231480523200,493210,493304
202607182026,e2e_trace_v3,195,17293970595150562202,11903,guardian,output_pub,7231480640800,493210,493304
202607182026,e2e_trace_v3,196,17293970595150562202,11904,guardian,proc_enter,7231490504000,493210,493306
202607182026,e2e_trace_v3,197,17293970595150562202,11904,guardian,output_pub,7231490653632,493210,493306
202607182026,e2e_trace_v3,198,17293970595150562202,11905,guardian,proc_enter,7231500491776,493210,493299
202607182026,e2e_trace_v3,199,17293970595150562202,11905,guardian,output_pub,7231500610208,493210,493299
202607182026,e2e_trace_v3,200,17293970595150562202,11906,guardian,proc_enter,7231510554144,493210,493309
202607182026,e2e_trace_v3,201,17293970595150562202,11906,guardian,output_pub,7231510657216,493210,493309
202607182026,e2e_trace_v3,202,17293970595150562202,11907,guardian,proc_enter,7231520549824,493210,493307
202607182026,e2e_trace_v3,203,17293970595150562202,11907,guardian,output_pub,7231520698048,493210,493307
202607182026,e2e_trace_v3,204,17293970595150562202,11908,guardian,proc_enter,7231530558592,493210,493306
202607182026,e2e_trace_v3,205,17293970595150562202,11908,guardian,output_pub,7231530746464,493210,493306
202607182026,e2e_trace_v3,206,17293970595150562202,11909,guardian,proc_enter,7231540579616,493210,493300
202607182026,e2e_trace_v3,207,17293970595150562202,11909,guardian,output_pub,7231540771008,493210,493300
202607182026,e2e_trace_v3,208,17293970595150562202,11910,guardian,proc_enter,7231550568736,493210,493313
202607182026,e2e_trace_v3,209,17293970595150562202,11910,guardian,output_pub,7231550842016,493210,493313
202607182026,e2e_trace_v3,210,17293970595150562202,11911,guardian,proc_enter,7231560568576,493210,493304
202607182026,e2e_trace_v3,211,17293970595150562202,11911,guardian,output_pub,7231560719136,493210,493304
202607182026,e2e_trace_v3,212,17293970595150562202,11912,guardian,proc_enter,7231570592448,493210,493304
202607182026,e2e_trace_v3,213,17293970595150562202,11912,guardian,output_pub,7231570759264,493210,493304
202607182026,e2e_trace_v3,214,17293970595150562203,11913,guardian,proc_enter,7231580551840,493210,493307
202607182026,e2e_trace_v3,215,17293970595150562203,11913,guardian,output_pub,7231580712480,493210,493307
202607182026,e2e_trace_v3,216,17293970595150562203,11914,guardian,proc_enter,7231590553120,493210,493299
202607182026,e2e_trace_v3,217,17293970595150562203,11914,guardian,output_pub,7231590645920,493210,493299
202607182026,e2e_trace_v3,218,17293970595150562203,11915,guardian,proc_enter,7231600555104,493210,493306
202607182026,e2e_trace_v3,219,17293970595150562203,11915,guardian,output_pub,7231600654400,493210,493306
202607182026,e2e_trace_v3,220,17293970595150562203,11916,guardian,proc_enter,7231610860800,493210,493309
202607182026,e2e_trace_v3,221,17293970595150562203,11916,guardian,output_pub,7231610975520,493210,493309
202607182026,e2e_trace_v3,222,17293970595150562203,11917,guardian,proc_enter,7231620547072,493210,493302
202607182026,e2e_trace_v3,223,17293970595150562203,11917,guardian,output_pub,7231620628384,493210,493302
202607182026,e2e_trace_v3,224,17293970595150562203,11918,guardian,proc_enter,7231630535328,493210,493299
202607182026,e2e_trace_v3,225,17293970595150562203,11918,guardian,output_pub,7231630620480,493210,493299
202607182026,e2e_trace_v3,226,17293970595150562203,11919,guardian,proc_enter,7231640592512,493210,493309
202607182026,e2e_trace_v3,227,17293970595150562203,11919,guardian,output_pub,7231640750656,493210,493309
202607182026,e2e_trace_v3,228,17293970595150562203,11920,guardian,proc_enter,7231650560736,493210,493301
202607182026,e2e_trace_v3,229,17293970595150562203,11920,guardian,output_pub,7231650787968,493210,493301
202607182026,e2e_trace_v3,230,17293970595150562203,11921,guardian,proc_enter,7231660566560,493210,493305
202607182026,e2e_trace_v3,231,17293970595150562203,11921,guardian,output_pub,7231660754144,493210,493305
202607182026,e2e_trace_v3,232,17293970595150562203,11922,guardian,proc_enter,7231670560992,493210,493308
202607182026,e2e_trace_v3,233,17293970595150562203,11922,guardian,output_pub,7231670757152,493210,493308
202607182026,e2e_trace_v3,234,17293970595150562203,11923,guardian,proc_enter,7231680560416,493210,493313
202607182026,e2e_trace_v3,235,17293970595150562203,11923,guardian,output_pub,7231680758048,493210,493313
202607182026,e2e_trace_v3,236,17293970595150562203,11924,guardian,proc_enter,7231690549504,493210,493299
202607182026,e2e_trace_v3,237,17293970595150562203,11924,guardian,output_pub,7231690665216,493210,493299
202607182026,e2e_trace_v3,238,17293970595150562203,11925,guardian,proc_enter,7231700519360,493210,493310
202607182026,e2e_trace_v3,239,17293970595150562203,11925,guardian,output_pub,7231700659584,493210,493310
202607182026,e2e_trace_v3,240,17293970595150562204,11926,guardian,proc_enter,7231710523008,493210,493307
202607182026,e2e_trace_v3,241,17293970595150562204,11926,guardian,output_pub,7231710725760,493210,493307
202607182026,e2e_trace_v3,242,17293970595150562204,11927,guardian,proc_enter,7231720551328,493210,493301
202607182026,e2e_trace_v3,243,17293970595150562204,11927,guardian,output_pub,7231720743776,493210,493301
202607182026,e2e_trace_v3,244,17293970595150562204,11928,guardian,proc_enter,7231730554752,493210,493302
202607182026,e2e_trace_v3,245,17293970595150562204,11928,guardian,output_pub,7231730706368,493210,493302
202607182026,e2e_trace_v3,246,17293970595150562204,11929,guardian,proc_enter,7231740527648,493210,493304
202607182026,e2e_trace_v3,247,17293970595150562204,11929,guardian,output_pub,7231740678688,493210,493304
202607182026,e2e_trace_v3,248,17293970595150562204,11930,guardian,proc_enter,7231750545728,493210,493301
202607182026,e2e_trace_v3,249,17293970595150562204,11930,guardian,output_pub,7231750730272,493210,493301
202607182026,e2e_trace_v3,250,17293970595150562204,11931,guardian,proc_enter,7231760553152,493210,493308
202607182026,e2e_trace_v3,251,17293970595150562204,11931,guardian,output_pub,7231760753440,493210,493308
202607182026,e2e_trace_v3,252,17293970595150562204,11932,guardian,proc_enter,7231770566240,493210,493311
202607182026,e2e_trace_v3,253,17293970595150562204,11932,guardian,output_pub,7231770752736,493210,493311
202607182026,e2e_trace_v3,254,17293970595150562204,11933,guardian,proc_enter,7231780575808,493210,493302
202607182026,e2e_trace_v3,255,17293970595150562204,11933,guardian,output_pub,7231780738048,493210,493302
202607182026,e2e_trace_v3,256,17293970595150562204,11934,guardian,proc_enter,7231790559808,493210,493300
202607182026,e2e_trace_v3,257,17293970595150562204,11934,guardian,output_pub,7231790745536,493210,493300
202607182026,e2e_trace_v3,258,17293970595150562204,11935,guardian,proc_enter,7231800568128,493210,493312
202607182026,e2e_trace_v3,259,17293970595150562204,11935,guardian,output_pub,7231800687968,493210,493312
202607182026,e2e_trace_v3,260,17293970595150562204,11936,guardian,proc_enter,7231810558368,493210,493304
202607182026,e2e_trace_v3,261,17293970595150562204,11936,guardian,output_pub,7231810770048,493210,493304
202607182026,e2e_trace_v3,262,17293970595150562205,11937,guardian,proc_enter,7231820495680,493210,493308
202607182026,e2e_trace_v3,263,17293970595150562205,11937,guardian,output_pub,7231820607296,493210,493308
202607182026,e2e_trace_v3,264,17293970595150562205,11938,guardian,proc_enter,7231830507200,493210,493299
202607182026,e2e_trace_v3,265,17293970595150562205,11938,guardian,output_pub,7231830676512,493210,493299
202607182026,e2e_trace_v3,266,17293970595150562205,11939,guardian,proc_enter,7231840535456,493210,493305
202607182026,e2e_trace_v3,267,17293970595150562205,11939,guardian,output_pub,7231840656064,493210,493305
202607182026,e2e_trace_v3,268,17293970595150562205,11940,guardian,proc_enter,7231850534528,493210,493302
202607182026,e2e_trace_v3,269,17293970595150562205,11940,guardian,output_pub,7231850687840,493210,493302
202607182026,e2e_trace_v3,270,17293970595150562205,11941,guardian,proc_enter,7231860553664,493210,493308
202607182026,e2e_trace_v3,271,17293970595150562205,11941,guardian,output_pub,7231860684384,493210,493308
202607182026,e2e_trace_v3,272,17293970595150562205,11942,guardian,proc_enter,7231870533280,493210,493314
202607182026,e2e_trace_v3,273,17293970595150562205,11942,guardian,output_pub,7231870724768,493210,493314
202607182026,e2e_trace_v3,274,17293970595150562205,11943,guardian,proc_enter,7231880553024,493210,493311
202607182026,e2e_trace_v3,275,17293970595150562205,11943,guardian,output_pub,7231880698656,493210,493311
202607182026,e2e_trace_v3,276,17293970595150562205,11944,guardian,proc_enter,7231890536768,493210,493314
202607182026,e2e_trace_v3,277,17293970595150562205,11944,guardian,output_pub,7231890692992,493210,493314
202607182026,e2e_trace_v3,278,17293970595150562205,11945,guardian,proc_enter,7231900522688,493210,493299
202607182026,e2e_trace_v3,279,17293970595150562205,11945,guardian,output_pub,7231900681120,493210,493299
202607182026,e2e_trace_v3,280,17293970595150562205,11946,guardian,proc_enter,7231910546752,493210,493306
202607182026,e2e_trace_v3,281,17293970595150562205,11946,guardian,output_pub,7231910701888,493210,493306
202607182026,e2e_trace_v3,282,17293970595150562205,11947,guardian,proc_enter,7231920533536,493210,493307
202607182026,e2e_trace_v3,283,17293970595150562205,11947,guardian,output_pub,7231920693760,493210,493307
202607182026,e2e_trace_v3,284,17293970595150562206,11948,guardian,proc_enter,7231930532224,493210,493301
202607182026,e2e_trace_v3,285,17293970595150562206,11948,guardian,output_pub,7231930716896,493210,493301
202607182026,e2e_trace_v3,286,17293970595150562206,11949,guardian,proc_enter,7231940545728,493210,493313
202607182026,e2e_trace_v3,287,17293970595150562206,11949,guardian,output_pub,7231940706848,493210,493313
202607182026,e2e_trace_v3,288,17293970595150562206,11950,guardian,proc_enter,7231950515072,493210,493306
202607182026,e2e_trace_v3,289,17293970595150562206,11950,guardian,output_pub,7231950682208,493210,493306
202607182026,e2e_trace_v3,290,17293970595150562206,11951,guardian,proc_enter,7231960553920,493210,493308
202607182026,e2e_trace_v3,291,17293970595150562206,11951,guardian,output_pub,7231960718048,493210,493308
202607182026,e2e_trace_v3,292,17293970595150562206,11952,guardian,proc_enter,7231970535552,493210,493307
202607182026,e2e_trace_v3,293,17293970595150562206,11952,guardian,output_pub,7231970658432,493210,493307
202607182026,e2e_trace_v3,294,17293970595150562206,11953,guardian,proc_enter,7231980557216,493210,493303
202607182026,e2e_trace_v3,295,17293970595150562206,11953,guardian,output_pub,7231980776192,493210,493303
202607182026,e2e_trace_v3,296,17293970595150562206,11954,guardian,proc_enter,7231990548384,493210,493307
202607182026,e2e_trace_v3,297,17293970595150562206,11954,guardian,output_pub,7231990661120,493210,493307
202607182026,e2e_trace_v3,298,17293970595150562206,11955,guardian,proc_enter,7232000545888,493210,493308
202607182026,e2e_trace_v3,299,17293970595150562206,11955,guardian,output_pub,7232000702240,493210,493308
202607182026,e2e_trace_v3,300,17293970595150562206,11956,guardian,proc_enter,7232010755648,493210,493309
202607182026,e2e_trace_v3,301,17293970595150562206,11956,guardian,output_pub,7232010885440,493210,493309
202607182026,e2e_trace_v3,302,17293970595150562206,11957,guardian,proc_enter,7232020514112,493210,493301
202607182026,e2e_trace_v3,303,17293970595150562206,11957,guardian,output_pub,7232020688800,493210,493301
202607182026,e2e_trace_v3,304,17293970595150562206,11958,guardian,proc_enter,7232030560960,493210,493314
202607182026,e2e_trace_v3,305,17293970595150562206,11958,guardian,output_pub,7232030670624,493210,493314
202607182026,e2e_trace_v3,306,17293970595150562206,11959,guardian,proc_enter,7232040529248,493210,493307
202607182026,e2e_trace_v3,307,17293970595150562206,11959,guardian,output_pub,7232040649024,493210,493307
202607182026,e2e_trace_v3,308,17293970595150562207,11960,guardian,proc_enter,7232050524416,493210,493308
202607182026,e2e_trace_v3,309,17293970595150562207,11960,guardian,output_pub,7232050646944,493210,493308
202607182026,e2e_trace_v3,310,17293970595150562207,11961,guardian,proc_enter,7232060625408,493210,493311
202607182026,e2e_trace_v3,311,17293970595150562207,11961,guardian,output_pub,7232060723648,493210,493311
202607182026,e2e_trace_v3,312,17293970595150562207,11962,guardian,proc_enter,7232070502400,493210,493299
202607182026,e2e_trace_v3,313,17293970595150562207,11962,guardian,output_pub,7232070620032,493210,493299
202607182026,e2e_trace_v3,314,17293970595150562207,11963,guardian,proc_enter,7232080493696,493210,493311
202607182026,e2e_trace_v3,315,17293970595150562207,11963,guardian,output_pub,7232080629152,493210,493311
202607182026,e2e_trace_v3,316,17293970595150562207,11964,guardian,proc_enter,7232090532416,493210,493313
202607182026,e2e_trace_v3,317,17293970595150562207,11964,guardian,output_pub,7232090662144,493210,493313
202607182026,e2e_trace_v3,318,17293970595150562207,11965,guardian,proc_enter,7232100501408,493210,493310
202607182026,e2e_trace_v3,319,17293970595150562207,11965,guardian,output_pub,7232100620000,493210,493310
202607182026,e2e_trace_v3,320,17293970595150562207,11966,guardian,proc_enter,7232116539456,493210,493308
202607182026,e2e_trace_v3,321,17293970595150562207,11966,guardian,output_pub,7232116686304,493210,493308
202607182026,e2e_trace_v3,322,17293970595150562207,11967,guardian,proc_enter,7232120512512,493210,493310
202607182026,e2e_trace_v3,323,17293970595150562207,11967,guardian,output_pub,7232120608224,493210,493310
202607182026,e2e_trace_v3,324,17293970595150562207,11968,guardian,proc_enter,7232130526816,493210,493302
202607182026,e2e_trace_v3,325,17293970595150562207,11968,guardian,output_pub,7232130636480,493210,493302
202607182026,e2e_trace_v3,326,17293970595150562208,11969,guardian,proc_enter,7232140512576,493210,493301
202607182026,e2e_trace_v3,327,17293970595150562208,11969,guardian,output_pub,7232140636096,493210,493301
202607182026,e2e_trace_v3,328,17293970595150562208,11970,guardian,proc_enter,7232150546720,493210,493312
202607182026,e2e_trace_v3,329,17293970595150562208,11970,guardian,output_pub,7232150818272,493210,493312
202607182026,e2e_trace_v3,330,17293970595150562208,11971,guardian,proc_enter,7232160554272,493210,493313
202607182026,e2e_trace_v3,331,17293970595150562208,11971,guardian,output_pub,7232160652512,493210,493313
202607182026,e2e_trace_v3,332,17293970595150562208,11972,guardian,proc_enter,7232170541216,493210,493299
202607182026,e2e_trace_v3,333,17293970595150562208,11972,guardian,output_pub,7232170629856,493210,493299
202607182026,e2e_trace_v3,334,17293970595150562208,11973,guardian,proc_enter,7232180528448,493210,493311
202607182026,e2e_trace_v3,335,17293970595150562208,11973,guardian,output_pub,7232180638400,493210,493311
202607182026,e2e_trace_v3,336,17293970595150562208,11974,guardian,proc_enter,7232190542432,493210,493299
202607182026,e2e_trace_v3,337,17293970595150562208,11974,guardian,output_pub,7232190659488,493210,493299
202607182026,e2e_trace_v3,338,17293970595150562208,11975,guardian,proc_enter,7232200577312,493210,493303
202607182026,e2e_trace_v3,339,17293970595150562208,11975,guardian,output_pub,7232200776544,493210,493303
202607182026,e2e_trace_v3,340,17293970595150562208,11976,guardian,proc_enter,7232210542112,493210,493301
202607182026,e2e_trace_v3,341,17293970595150562208,11976,guardian,output_pub,7232210725024,493210,493301
202607182026,e2e_trace_v3,342,17293970595150562208,11977,guardian,proc_enter,7232224660640,493210,493301
202607182026,e2e_trace_v3,343,17293970595150562208,11977,guardian,output_pub,7232224818688,493210,493301
202607182026,e2e_trace_v3,344,17293970595150562208,11978,guardian,proc_enter,7232230560480,493210,493300
202607182026,e2e_trace_v3,345,17293970595150562208,11978,guardian,output_pub,7232230738048,493210,493300
202607182026,e2e_trace_v3,346,17293970595150562209,11979,guardian,proc_enter,7232240638304,493210,493303
202607182026,e2e_trace_v3,347,17293970595150562209,11979,guardian,output_pub,7232240804896,493210,493303
202607182026,e2e_trace_v3,348,17293970595150562209,11980,guardian,proc_enter,7232250567584,493210,493311
202607182026,e2e_trace_v3,349,17293970595150562209,11980,guardian,output_pub,7232250697344,493210,493311
202607182026,e2e_trace_v3,350,17293970595150562209,11981,guardian,proc_enter,7232260622848,493210,493307
202607182026,e2e_trace_v3,351,17293970595150562209,11981,guardian,output_pub,7232260775104,493210,493307
202607182026,e2e_trace_v3,352,17293970595150562209,11982,guardian,proc_enter,7232270591648,493210,493314
202607182026,e2e_trace_v3,353,17293970595150562209,11982,guardian,output_pub,7232270711456,493210,493314
202607182026,e2e_trace_v3,354,17293970595150562209,11983,guardian,proc_enter,7232280594272,493210,493310
202607182026,e2e_trace_v3,355,17293970595150562209,11983,guardian,output_pub,7232280714528,493210,493310
202607182026,e2e_trace_v3,356,17293970595150562209,11984,guardian,proc_enter,7232290627360,493210,493307
202607182026,e2e_trace_v3,357,17293970595150562209,11984,guardian,output_pub,7232290762496,493210,493307
202607182026,e2e_trace_v3,358,17293970595150562209,11985,guardian,proc_enter,7232300611072,493210,493308
202607182026,e2e_trace_v3,359,17293970595150562209,11985,guardian,output_pub,7232300709536,493210,493308
202607182026,e2e_trace_v3,360,17293970595150562209,11986,guardian,proc_enter,7232310626720,493210,493310
202607182026,e2e_trace_v3,361,17293970595150562209,11986,guardian,output_pub,7232310757280,493210,493310
202607182026,e2e_trace_v3,362,17293970595150562209,11987,guardian,proc_enter,7232320627712,493210,493304
202607182026,e2e_trace_v3,363,17293970595150562209,11987,guardian,output_pub,7232320772992,493210,493304
202607182026,e2e_trace_v3,364,17293970595150562209,11988,guardian,proc_enter,7232330593664,493210,493304
202607182026,e2e_trace_v3,365,17293970595150562209,11988,guardian,output_pub,7232330723648,493210,493304
202607182026,e2e_trace_v3,366,17293970595150562209,11989,guardian,proc_enter,7232340647008,493210,493301
202607182026,e2e_trace_v3,367,17293970595150562209,11989,guardian,output_pub,7232340764800,493210,493301
202607182026,e2e_trace_v3,368,17293970595150562209,11990,guardian,proc_enter,7232356583680,493210,493313
202607182026,e2e_trace_v3,369,17293970595150562209,11990,guardian,output_pub,7232356722272,493210,493313
202607182026,e2e_trace_v3,370,17293970595150562209,11991,guardian,proc_enter,7232360551296,493210,493309
202607182026,e2e_trace_v3,371,17293970595150562209,11991,guardian,output_pub,7232360669952,493210,493309
202607182026,e2e_trace_v3,372,17293970595150562209,11992,guardian,proc_enter,7232370584160,493210,493314
202607182026,e2e_trace_v3,373,17293970595150562209,11992,guardian,output_pub,7232370707840,493210,493314
202607182026,e2e_trace_v3,374,17293970595150562209,11993,guardian,proc_enter,7232380576960,493210,493310
202607182026,e2e_trace_v3,375,17293970595150562209,11993,guardian,output_pub,7232380694208,493210,493310
202607182026,e2e_trace_v3,376,17293970595150562210,11994,guardian,proc_enter,7232390560992,493210,493307
202607182026,e2e_trace_v3,377,17293970595150562210,11994,guardian,output_pub,7232390666592,493210,493307
202607182026,e2e_trace_v3,378,17293970595150562210,11995,guardian,proc_enter,7232400542912,493210,493301
202607182026,e2e_trace_v3,379,17293970595150562210,11995,guardian,output_pub,7232400648896,493210,493301
202607182026,e2e_trace_v3,380,17293970595150562210,11996,guardian,proc_enter,7232410571168,493210,493306
202607182026,e2e_trace_v3,381,17293970595150562210,11996,guardian,output_pub,7232410653568,493210,493306
202607182026,e2e_trace_v3,382,17293970595150562210,11997,guardian,proc_enter,7232420644960,493210,493310
202607182026,e2e_trace_v3,383,17293970595150562210,11997,guardian,output_pub,7232420789056,493210,493310
202607182026,e2e_trace_v3,384,17293970595150562210,11998,guardian,proc_enter,7232430614944,493210,493306
202607182026,e2e_trace_v3,385,17293970595150562210,11998,guardian,output_pub,7232430735936,493210,493306
202607182026,e2e_trace_v3,386,17293970595150562210,11999,guardian,proc_enter,7232440546880,493210,493309
202607182026,e2e_trace_v3,387,17293970595150562210,11999,guardian,output_pub,7232440681952,493210,493309
202607182026,e2e_trace_v3,388,17293970595150562210,12000,guardian,proc_enter,7232455112160,493210,493302
202607182026,e2e_trace_v3,389,17293970595150562210,12000,guardian,output_pub,7232455259232,493210,493302
202607182026,e2e_trace_v3,390,17293970595150562210,12001,guardian,proc_enter,7232461048512,493210,493310
202607182026,e2e_trace_v3,391,17293970595150562210,12001,guardian,output_pub,7232461206208,493210,493310
202607182026,e2e_trace_v3,392,17293970595150562210,12002,guardian,proc_enter,7232471091200,493210,493312
202607182026,e2e_trace_v3,393,17293970595150562210,12002,guardian,output_pub,7232471211392,493210,493312
202607182026,e2e_trace_v3,394,17293970595150562210,12003,guardian,proc_enter,7232481061184,493210,493308
202607182026,e2e_trace_v3,395,17293970595150562210,12003,guardian,output_pub,7232481198400,493210,493308
202607182026,e2e_trace_v3,396,17293970595150562211,12004,guardian,proc_enter,7232491091616,493210,493311
202607182026,e2e_trace_v3,397,17293970595150562211,12004,guardian,output_pub,7232491212448,493210,493311
202607182026,e2e_trace_v3,398,17293970595150562211,12005,guardian,proc_enter,7232501083776,493210,493309
202607182026,e2e_trace_v3,399,17293970595150562211,12005,guardian,output_pub,7232501218528,493210,493309
202607182026,e2e_trace_v3,400,17293970595150562211,12006,guardian,proc_enter,7232511080992,493210,493300
202607182026,e2e_trace_v3,401,17293970595150562211,12006,guardian,output_pub,7232511208352,493210,493300
202607182026,e2e_trace_v3,402,17293970595150562211,12007,guardian,proc_enter,7232521087424,493210,493310
202607182026,e2e_trace_v3,403,17293970595150562211,12007,guardian,output_pub,7232521216896,493210,493310
202607182026,e2e_trace_v3,404,17293970595150562211,12008,guardian,proc_enter,7232531124032,493210,493308
202607182026,e2e_trace_v3,405,17293970595150562211,12008,guardian,output_pub,7232531269344,493210,493308
202607182026,e2e_trace_v3,406,17293970595150562211,12009,guardian,proc_enter,7232541100288,493210,493311
202607182026,e2e_trace_v3,407,17293970595150562211,12009,guardian,output_pub,7232541228480,493210,493311
202607182026,e2e_trace_v3,408,17293970595150562211,12010,guardian,proc_enter,7232551062400,493210,493307
202607182026,e2e_trace_v3,409,17293970595150562211,12010,guardian,output_pub,7232551189920,493210,493307
202607182026,e2e_trace_v3,410,17293970595150562211,12011,guardian,proc_enter,7232561081600,493210,493301
202607182026,e2e_trace_v3,411,17293970595150562211,12011,guardian,output_pub,7232561191008,493210,493301
202607182026,e2e_trace_v3,412,17293970595150562211,12012,guardian,proc_enter,7232571080736,493210,493310
202607182026,e2e_trace_v3,413,17293970595150562211,12012,guardian,output_pub,7232571158752,493210,493310
202607182026,e2e_trace_v3,414,17293970595150562211,12013,guardian,proc_enter,7232581066688,493210,493313
202607182026,e2e_trace_v3,415,17293970595150562211,12013,guardian,output_pub,7232581181824,493210,493313
202607182026,e2e_trace_v3,416,17293970595150562211,12014,guardian,proc_enter,7232591095520,493210,493304
202607182026,e2e_trace_v3,417,17293970595150562211,12014,guardian,output_pub,7232591250912,493210,493304
202607182026,e2e_trace_v3,418,17293970595150562212,12015,guardian,proc_enter,7232601075456,493210,493306
202607182026,e2e_trace_v3,419,17293970595150562212,12015,guardian,output_pub,7232601182368,493210,493306
202607182026,e2e_trace_v3,420,17293970595150562212,12016,guardian,proc_enter,7232611073920,493210,493312
202607182026,e2e_trace_v3,421,17293970595150562212,12016,guardian,output_pub,7232611170496,493210,493312
202607182026,e2e_trace_v3,422,17293970595150562212,12017,guardian,proc_enter,7232621078208,493210,493313
202607182026,e2e_trace_v3,423,17293970595150562212,12017,guardian,output_pub,7232621177120,493210,493313
202607182026,e2e_trace_v3,424,17293970595150562212,12018,guardian,proc_enter,7232631138432,493210,493314
202607182026,e2e_trace_v3,425,17293970595150562212,12018,guardian,output_pub,7232631224480,493210,493314
202607182026,e2e_trace_v3,426,17293970595150562212,12019,guardian,proc_enter,7232641102944,493210,493314
202607182026,e2e_trace_v3,427,17293970595150562212,12019,guardian,output_pub,7232641204000,493210,493314
202607182026,e2e_trace_v3,428,17293970595150562212,12020,guardian,proc_enter,7232651108128,493210,493311
202607182026,e2e_trace_v3,429,17293970595150562212,12020,guardian,output_pub,7232651227296,493210,493311
202607182026,e2e_trace_v3,430,17293970595150562212,12021,guardian,proc_enter,7232667549376,493210,493311
202607182026,e2e_trace_v3,431,17293970595150562212,12021,guardian,output_pub,7232667666848,493210,493311
202607182026,e2e_trace_v3,432,17293970595150562212,12022,guardian,proc_enter,7232672426400,493210,493313
202607182026,e2e_trace_v3,433,17293970595150562212,12022,guardian,output_pub,7232672660352,493210,493313
202607182026,e2e_trace_v3,434,17293970595150562212,12023,guardian,proc_enter,7232679536032,493210,493311
202607182026,e2e_trace_v3,435,17293970595150562212,12023,guardian,output_pub,7232679649056,493210,493311
202607182026,e2e_trace_v3,436,17293970595150562212,12024,guardian,proc_enter,7232691549728,493210,493299
202607182026,e2e_trace_v3,437,17293970595150562212,12024,guardian,output_pub,7232691717472,493210,493299
202607182026,e2e_trace_v3,438,17293970595150562212,12025,guardian,proc_enter,7232701536000,493210,493307
202607182026,e2e_trace_v3,439,17293970595150562212,12025,guardian,output_pub,7232701703872,493210,493307
202607182026,e2e_trace_v3,440,17293970595150562213,12026,guardian,proc_enter,7232711534432,493210,493300
202607182026,e2e_trace_v3,441,17293970595150562213,12026,guardian,output_pub,7232711702016,493210,493300
202607182026,e2e_trace_v3,442,17293970595150562213,12027,guardian,proc_enter,7232721533856,493210,493306
202607182026,e2e_trace_v3,443,17293970595150562213,12027,guardian,output_pub,7232721678624,493210,493306
202607182026,e2e_trace_v3,444,17293970595150562213,12028,guardian,proc_enter,7232731520832,493210,493304
202607182026,e2e_trace_v3,445,17293970595150562213,12028,guardian,output_pub,7232731628480,493210,493304
202607182026,e2e_trace_v3,446,17293970595150562213,12029,guardian,proc_enter,7232741496480,493210,493309
202607182026,e2e_trace_v3,447,17293970595150562213,12029,guardian,output_pub,7232741686528,493210,493309
202607182026,e2e_trace_v3,448,17293970595150562213,12030,guardian,proc_enter,7232751574976,493210,493301
202607182026,e2e_trace_v3,449,17293970595150562213,12030,guardian,output_pub,7232751701248,493210,493301
202607182026,e2e_trace_v3,450,17293970595150562213,12031,guardian,proc_enter,7232761518240,493210,493306
202607182026,e2e_trace_v3,451,17293970595150562213,12031,guardian,output_pub,7232761668672,493210,493306
202607182026,e2e_trace_v3,452,17293970595150562213,12032,guardian,proc_enter,7232771520864,493210,493312
202607182026,e2e_trace_v3,453,17293970595150562213,12032,guardian,output_pub,7232771639712,493210,493312
202607182026,e2e_trace_v3,454,17293970595150562213,12033,guardian,proc_enter,7232781557984,493210,493312
202607182026,e2e_trace_v3,455,17293970595150562213,12033,guardian,output_pub,7232781655648,493210,493312
202607182026,e2e_trace_v3,456,17293970595150562213,12034,guardian,proc_enter,7232791562240,493210,493310
202607182026,e2e_trace_v3,457,17293970595150562213,12034,guardian,output_pub,7232791758144,493210,493310
202607182026,e2e_trace_v3,458,17293970595150562213,12035,guardian,proc_enter,7232801510112,493210,493311
202607182026,e2e_trace_v3,459,17293970595150562213,12035,guardian,output_pub,7232801602688,493210,493311
202607182026,e2e_trace_v3,460,17293970595150562213,12036,guardian,proc_enter,7232811540576,493210,493313
202607182026,e2e_trace_v3,461,17293970595150562213,12036,guardian,output_pub,7232811646560,493210,493313
202607182026,e2e_trace_v3,462,17293970595150562213,12037,guardian,proc_enter,7232821550656,493210,493305
202607182026,e2e_trace_v3,463,17293970595150562213,12037,guardian,output_pub,7232821745888,493210,493305
202607182026,e2e_trace_v3,464,17293970595150562214,12038,guardian,proc_enter,7232831568512,493210,493309
202607182026,e2e_trace_v3,465,17293970595150562214,12038,guardian,output_pub,7232831725824,493210,493309
202607182026,e2e_trace_v3,466,17293970595150562214,12039,guardian,proc_enter,7232841536704,493210,493307
202607182026,e2e_trace_v3,467,17293970595150562214,12039,guardian,output_pub,7232841674432,493210,493307
202607182026,e2e_trace_v3,468,17293970595150562214,12040,guardian,proc_enter,7232851531904,493210,493304
202607182026,e2e_trace_v3,469,17293970595150562214,12040,guardian,output_pub,7232851676160,493210,493304
202607182026,e2e_trace_v3,470,17293970595150562214,12041,guardian,proc_enter,7232861541760,493210,493309
202607182026,e2e_trace_v3,471,17293970595150562214,12041,guardian,output_pub,7232861719584,493210,493309
202607182026,e2e_trace_v3,472,17293970595150562214,12042,guardian,proc_enter,7232871548576,493210,493303
202607182026,e2e_trace_v3,473,17293970595150562214,12042,guardian,output_pub,7232871713952,493210,493303
202607182026,e2e_trace_v3,474,17293970595150562214,12043,guardian,proc_enter,7232881539008,493210,493307
202607182026,e2e_trace_v3,475,17293970595150562214,12043,guardian,output_pub,7232881661728,493210,493307
202607182026,e2e_trace_v3,476,17293970595150562214,12044,guardian,proc_enter,7232891508640,493210,493313
202607182026,e2e_trace_v3,477,17293970595150562214,12044,guardian,output_pub,7232891597184,493210,493313
202607182026,e2e_trace_v3,478,17293970595150562214,12045,guardian,proc_enter,7232901568832,493210,493313
202607182026,e2e_trace_v3,479,17293970595150562214,12045,guardian,output_pub,7232901682784,493210,493313
202607182026,e2e_trace_v3,480,17293970595150562214,12046,guardian,proc_enter,7232911548000,493210,493310
202607182026,e2e_trace_v3,481,17293970595150562214,12046,guardian,output_pub,7232911669760,493210,493310
202607182026,e2e_trace_v3,482,17293970595150562214,12047,guardian,proc_enter,7232921534560,493210,493304
202607182026,e2e_trace_v3,483,17293970595150562214,12047,guardian,output_pub,7232921642944,493210,493304
202607182026,e2e_trace_v3,484,17293970595150562214,12048,guardian,proc_enter,7232931521376,493210,493301
202607182026,e2e_trace_v3,485,17293970595150562214,12048,guardian,output_pub,7232931639168,493210,493301
202607182026,e2e_trace_v3,486,17293970595150562215,12049,guardian,proc_enter,7232941524832,493210,493314
202607182026,e2e_trace_v3,487,17293970595150562215,12049,guardian,output_pub,7232941634656,493210,493314
202607182026,e2e_trace_v3,488,17293970595150562215,12050,guardian,proc_enter,7232951518080,493210,493301
202607182026,e2e_trace_v3,489,17293970595150562215,12050,guardian,output_pub,7232951608800,493210,493301
202607182026,e2e_trace_v3,490,17293970595150562215,12051,guardian,proc_enter,7232961526848,493210,493302
202607182026,e2e_trace_v3,491,17293970595150562215,12051,guardian,output_pub,7232961626848,493210,493302
202607182026,e2e_trace_v3,492,17293970595150562215,12052,guardian,proc_enter,7232971521984,493210,493304
202607182026,e2e_trace_v3,493,17293970595150562215,12052,guardian,output_pub,7232971613024,493210,493304
202607182026,e2e_trace_v3,494,17293970595150562215,12053,guardian,proc_enter,7232981561728,493210,493308
202607182026,e2e_trace_v3,495,17293970595150562215,12053,guardian,output_pub,7232981688672,493210,493308
202607182026,e2e_trace_v3,496,17293970595150562215,12054,guardian,proc_enter,7232991552416,493210,493312
202607182026,e2e_trace_v3,497,17293970595150562215,12054,guardian,output_pub,7232991684832,493210,493312
202607182026,e2e_trace_v3,498,17293970595150562215,12055,guardian,proc_enter,7233001537344,493210,493308
202607182026,e2e_trace_v3,499,17293970595150562215,12055,guardian,output_pub,7233001681920,493210,493308
202607182026,e2e_trace_v3,500,17293970595150562215,12056,guardian,proc_enter,7233011489472,493210,493306
202607182026,e2e_trace_v3,501,17293970595150562215,12056,guardian,output_pub,7233011604896,493210,493306
202607182026,e2e_trace_v3,502,17293970595150562215,12057,guardian,proc_enter,7233021546080,493210,493308
202607182026,e2e_trace_v3,503,17293970595150562215,12057,guardian,output_pub,7233021656800,493210,493308
202607182026,e2e_trace_v3,504,17293970595150562216,12058,guardian,proc_enter,7233031525600,493210,493312
202607182026,e2e_trace_v3,505,17293970595150562216,12058,guardian,output_pub,7233031627808,493210,493312
202607182026,e2e_trace_v3,506,17293970595150562216,12059,guardian,proc_enter,7233041568480,493210,493302
202607182026,e2e_trace_v3,507,17293970595150562216,12059,guardian,output_pub,7233041796000,493210,493302
202607182026,e2e_trace_v3,508,17293970595150562216,12060,guardian,proc_enter,7233051499840,493210,493301
202607182026,e2e_trace_v3,509,17293970595150562216,12060,guardian,output_pub,7233051638432,493210,493301
202607182026,e2e_trace_v3,510,17293970595150562216,12061,guardian,proc_enter,7233061560320,493210,493307
202607182026,e2e_trace_v3,511,17293970595150562216,12061,guardian,output_pub,7233061738880,493210,493307
202607182026,e2e_trace_v3,512,17293970595150562216,12062,guardian,proc_enter,7233071516800,493210,493304
202607182026,e2e_trace_v3,513,17293970595150562216,12062,guardian,output_pub,7233071629024,493210,493304
202607182026,e2e_trace_v3,514,17293970595150562216,12063,guardian,proc_enter,7233081478624,493210,493308
202607182026,e2e_trace_v3,515,17293970595150562216,12063,guardian,output_pub,7233081580224,493210,493308
202607182026,e2e_trace_v3,516,17293970595150562216,12064,guardian,proc_enter,7233091526336,493210,493309
202607182026,e2e_trace_v3,517,17293970595150562216,12064,guardian,output_pub,7233091627584,493210,493309
202607182026,e2e_trace_v3,518,17293970595150562216,12065,guardian,proc_enter,7233101500288,493210,493303
202607182026,e2e_trace_v3,519,17293970595150562216,12065,guardian,output_pub,7233101629248,493210,493303
202607182026,e2e_trace_v3,520,17293970595150562216,12066,guardian,proc_enter,7233111536480,493210,493312
202607182026,e2e_trace_v3,521,17293970595150562216,12066,guardian,output_pub,7233111655904,493210,493312
202607182026,e2e_trace_v3,522,17293970595150562216,12067,guardian,proc_enter,7233121521888,493210,493314
202607182026,e2e_trace_v3,523,17293970595150562216,12067,guardian,output_pub,7233121621696,493210,493314
202607182026,e2e_trace_v3,524,17293970595150562216,12068,guardian,proc_enter,7233131515616,493210,493310
202607182026,e2e_trace_v3,525,17293970595150562216,12068,guardian,output_pub,7233131618048,493210,493310
202607182026,e2e_trace_v3,526,17293970595150562216,12069,guardian,proc_enter,7233141502368,493210,493304
202607182026,e2e_trace_v3,527,17293970595150562216,12069,guardian,output_pub,7233141613984,493210,493304
202607182026,e2e_trace_v3,528,17293970595150562216,12070,guardian,proc_enter,7233151537216,493210,493299
202607182026,e2e_trace_v3,529,17293970595150562216,12070,guardian,output_pub,7233151659424,493210,493299
202607182026,e2e_trace_v3,530,17293970595150562217,12071,guardian,proc_enter,7233161518752,493210,493313
202607182026,e2e_trace_v3,531,17293970595150562217,12071,guardian,output_pub,7233161657056,493210,493313
202607182026,e2e_trace_v3,532,17293970595150562217,12072,guardian,proc_enter,7233171517664,493210,493313
202607182026,e2e_trace_v3,533,17293970595150562217,12072,guardian,output_pub,7233171639456,493210,493313
202607182026,e2e_trace_v3,534,17293970595150562217,12073,guardian,proc_enter,7233181532320,493210,493307
202607182026,e2e_trace_v3,535,17293970595150562217,12073,guardian,output_pub,7233181615680,493210,493307
202607182026,e2e_trace_v3,536,17293970595150562217,12074,guardian,proc_enter,7233191529856,493210,493300
202607182026,e2e_trace_v3,537,17293970595150562217,12074,guardian,output_pub,7233191611264,493210,493300
202607182026,e2e_trace_v3,538,17293970595150562217,12075,guardian,proc_enter,7233201539520,493210,493301
202607182026,e2e_trace_v3,539,17293970595150562217,12075,guardian,output_pub,7233201639712,493210,493301
202607182026,e2e_trace_v3,540,17293970595150562217,12076,guardian,proc_enter,7233211563968,493210,493303
202607182026,e2e_trace_v3,541,17293970595150562217,12076,guardian,output_pub,7233211682336,493210,493303
202607182026,e2e_trace_v3,542,17293970595150562217,12077,guardian,proc_enter,7233221541664,493210,493300
202607182026,e2e_trace_v3,543,17293970595150562217,12077,guardian,output_pub,7233221656832,493210,493300
202607182026,e2e_trace_v3,544,17293970595150562217,12078,guardian,proc_enter,7233231547008,493210,493313
202607182026,e2e_trace_v3,545,17293970595150562217,12078,guardian,output_pub,7233231753152,493210,493313
202607182026,e2e_trace_v3,546,17293970595150562217,12079,guardian,proc_enter,7233241530880,493210,493303
202607182026,e2e_trace_v3,547,17293970595150562217,12079,guardian,output_pub,7233241667424,493210,493303
202607182026,e2e_trace_v3,548,17293970595150562217,12080,guardian,proc_enter,7233251515104,493210,493309
202607182026,e2e_trace_v3,549,17293970595150562217,12080,guardian,output_pub,7233251650912,493210,493309
202607182026,e2e_trace_v3,550,17293970595150562218,12081,guardian,proc_enter,7233261528128,493210,493301
202607182026,e2e_trace_v3,551,17293970595150562218,12081,guardian,output_pub,7233261650912,493210,493301
202607182026,e2e_trace_v3,552,17293970595150562218,12082,guardian,proc_enter,7233271523904,493210,493299
202607182026,e2e_trace_v3,553,17293970595150562218,12082,guardian,output_pub,7233271635200,493210,493299
202607182026,e2e_trace_v3,554,17293970595150562218,12083,guardian,proc_enter,7233281492864,493210,493305
202607182026,e2e_trace_v3,555,17293970595150562218,12083,guardian,output_pub,7233281675936,493210,493305
202607182026,e2e_trace_v3,556,17293970595150562218,12084,guardian,proc_enter,7233291522080,493210,493299
202607182026,e2e_trace_v3,557,17293970595150562218,12084,guardian,output_pub,7233291616224,493210,493299
202607182026,e2e_trace_v3,558,17293970595150562218,12085,guardian,proc_enter,7233301538816,493210,493303
202607182026,e2e_trace_v3,559,17293970595150562218,12085,guardian,output_pub,7233301652896,493210,493303
202607182026,e2e_trace_v3,560,17293970595150562218,12086,guardian,proc_enter,7233311557472,493210,493313
202607182026,e2e_trace_v3,561,17293970595150562218,12086,guardian,output_pub,7233311731104,493210,493313
202607182026,e2e_trace_v3,562,17293970595150562218,12087,guardian,proc_enter,7233321697216,493210,493303
202607182026,e2e_trace_v3,563,17293970595150562218,12087,guardian,output_pub,7233321800000,493210,493303
202607182026,e2e_trace_v3,564,17293970595150562218,12088,guardian,proc_enter,7233329561024,493210,493299
202607182026,e2e_trace_v3,565,17293970595150562218,12088,guardian,output_pub,7233329705184,493210,493299
202607182026,e2e_trace_v3,566,17293970595150562218,12089,guardian,proc_enter,7233341555104,493210,493301
202607182026,e2e_trace_v3,567,17293970595150562218,12089,guardian,output_pub,7233341735392,493210,493301
202607182026,e2e_trace_v3,568,17293970595150562218,12090,guardian,proc_enter,7233351533856,493210,493299
202607182026,e2e_trace_v3,569,17293970595150562218,12090,guardian,output_pub,7233351688768,493210,493299
202607182026,e2e_trace_v3,570,17293970595150562218,12091,guardian,proc_enter,7233361542816,493210,493302
202607182026,e2e_trace_v3,571,17293970595150562218,12091,guardian,output_pub,7233361730784,493210,493302
202607182026,e2e_trace_v3,572,17293970595150562218,12092,guardian,proc_enter,7233371529088,493210,493311
202607182026,e2e_trace_v3,573,17293970595150562218,12092,guardian,output_pub,7233371705632,493210,493311
202607182026,e2e_trace_v3,574,17293970595150562219,12093,guardian,proc_enter,7233381535712,493210,493312
202607182026,e2e_trace_v3,575,17293970595150562219,12093,guardian,output_pub,7233381711648,493210,493312
202607182026,e2e_trace_v3,576,17293970595150562219,12094,guardian,proc_enter,7233391476480,493210,493305
202607182026,e2e_trace_v3,577,17293970595150562219,12094,guardian,output_pub,7233391632448,493210,493305
202607182026,e2e_trace_v3,578,17293970595150562219,12095,guardian,proc_enter,7233401524448,493210,493304
202607182026,e2e_trace_v3,579,17293970595150562219,12095,guardian,output_pub,7233401684224,493210,493304
202607182026,e2e_trace_v3,580,17293970595150562219,12096,guardian,proc_enter,7233411526176,493210,493304
202607182026,e2e_trace_v3,581,17293970595150562219,12096,guardian,output_pub,7233411684608,493210,493304
202607182026,e2e_trace_v3,582,17293970595150562219,12097,guardian,proc_enter,7233421540352,493210,493304
202607182026,e2e_trace_v3,583,17293970595150562219,12097,guardian,output_pub,7233421696384,493210,493304
202607182026,e2e_trace_v3,584,17293970595150562219,12098,guardian,proc_enter,7233431675936,493210,493303
202607182026,e2e_trace_v3,585,17293970595150562219,12098,guardian,output_pub,7233431800480,493210,493303
202607182026,e2e_trace_v3,586,17293970595150562219,12099,guardian,proc_enter,7233439559808,493210,493310
202607182026,e2e_trace_v3,587,17293970595150562219,12099,guardian,output_pub,7233439739776,493210,493310
202607182026,e2e_trace_v3,588,17293970595150562219,12100,guardian,proc_enter,7233451520128,493210,493299
202607182026,e2e_trace_v3,589,17293970595150562219,12100,guardian,output_pub,7233451674976,493210,493299
202607182026,e2e_trace_v3,590,17293970595150562219,12101,guardian,proc_enter,7233461562112,493210,493310
202607182026,e2e_trace_v3,591,17293970595150562219,12101,guardian,output_pub,7233461713888,493210,493310
202607182026,e2e_trace_v3,592,17293970595150562219,12102,guardian,proc_enter,7233471535392,493210,493301
202607182026,e2e_trace_v3,593,17293970595150562219,12102,guardian,output_pub,7233471681504,493210,493301
202607182026,e2e_trace_v3,594,17293970595150562219,12103,guardian,proc_enter,7233481536512,493210,493311
202607182026,e2e_trace_v3,595,17293970595150562219,12103,guardian,output_pub,7233481720992,493210,493311
202607182026,e2e_trace_v3,596,17293970595150562220,12104,guardian,proc_enter,7233491482688,493210,493301
202607182026,e2e_trace_v3,597,17293970595150562220,12104,guardian,output_pub,7233491631104,493210,493301
202607182026,e2e_trace_v3,598,17293970595150562220,12105,guardian,proc_enter,7233501510848,493210,493310
202607182026,e2e_trace_v3,599,17293970595150562220,12105,guardian,output_pub,7233501670848,493210,493310
202607182026,e2e_trace_v3,600,17293970595150562220,12106,guardian,proc_enter,7233511520800,493210,493304
202607182026,e2e_trace_v3,601,17293970595150562220,12106,guardian,output_pub,7233511701248,493210,493304
202607182026,e2e_trace_v3,602,17293970595150562220,12107,guardian,proc_enter,7233521526304,493210,493301
202607182026,e2e_trace_v3,603,17293970595150562220,12107,guardian,output_pub,7233521679456,493210,493301
202607182026,e2e_trace_v3,604,17293970595150562220,12108,guardian,proc_enter,7233531517632,493210,493303
202607182026,e2e_trace_v3,605,17293970595150562220,12108,guardian,output_pub,7233531609280,493210,493303
202607182026,e2e_trace_v3,606,17293970595150562220,12109,guardian,proc_enter,7233541549536,493210,493310
202607182026,e2e_trace_v3,607,17293970595150562220,12109,guardian,output_pub,7233541695808,493210,493310
202607182026,e2e_trace_v3,608,17293970595150562220,12110,guardian,proc_enter,7233551559008,493210,493311
202607182026,e2e_trace_v3,609,17293970595150562220,12110,guardian,output_pub,7233551737632,493210,493311
202607182026,e2e_trace_v3,610,17293970595150562220,12111,guardian,proc_enter,7233564640448,493210,493314
202607182026,e2e_trace_v3,611,17293970595150562220,12111,guardian,output_pub,7233565084896,493210,493314
202607182026,e2e_trace_v3,612,17293970595150562220,12112,guardian,proc_enter,7233570643808,493210,493305
202607182026,e2e_trace_v3,613,17293970595150562220,12112,guardian,output_pub,7233570777952,493210,493305
202607182026,e2e_trace_v3,614,17293970595150562220,12113,guardian,proc_enter,7233580619104,493210,493305
202607182026,e2e_trace_v3,615,17293970595150562220,12113,guardian,output_pub,7233580781664,493210,493305
202607182026,e2e_trace_v3,616,17293970595150562220,12114,guardian,proc_enter,7233590621664,493210,493305
202607182026,e2e_trace_v3,617,17293970595150562220,12114,guardian,output_pub,7233590740928,493210,493305
202607182026,e2e_trace_v3,618,17293970595150562220,12115,guardian,proc_enter,7233600608864,493210,493313
202607182026,e2e_trace_v3,619,17293970595150562220,12115,guardian,output_pub,7233600784576,493210,493313
202607182026,e2e_trace_v3,620,17293970595150562221,12116,guardian,proc_enter,7233610618560,493210,493302
202607182026,e2e_trace_v3,621,17293970595150562221,12116,guardian,output_pub,7233610722880,493210,493302
202607182026,e2e_trace_v3,622,17293970595150562221,12117,guardian,proc_enter,7233620634752,493210,493305
202607182026,e2e_trace_v3,623,17293970595150562221,12117,guardian,output_pub,7233620797504,493210,493305
202607182026,e2e_trace_v3,624,17293970595150562221,12118,guardian,proc_enter,7233630617920,493210,493309
202607182026,e2e_trace_v3,625,17293970595150562221,12118,guardian,output_pub,7233630759008,493210,493309
202607182026,e2e_trace_v3,626,17293970595150562221,12119,guardian,proc_enter,7233640645056,493210,493302
202607182026,e2e_trace_v3,627,17293970595150562221,12119,guardian,output_pub,7233641115904,493210,493302
202607182026,e2e_trace_v3,628,17293970595150562221,12120,guardian,proc_enter,7233648623808,493210,493311
202607182026,e2e_trace_v3,629,17293970595150562221,12120,guardian,output_pub,7233648806432,493210,493311
202607182026,e2e_trace_v3,630,17293970595150562221,12121,guardian,proc_enter,7233660687424,493210,493311
202607182026,e2e_trace_v3,631,17293970595150562221,12121,guardian,output_pub,7233660861920,493210,493311
202607182026,e2e_trace_v3,632,17293970595150562221,12122,guardian,proc_enter,7233670658048,493210,493314
202607182026,e2e_trace_v3,633,17293970595150562221,12122,guardian,output_pub,7233670843648,493210,493314
202607182026,e2e_trace_v3,634,17293970595150562221,12123,guardian,proc_enter,7233680635360,493210,493308
202607182026,e2e_trace_v3,635,17293970595150562221,12123,guardian,output_pub,7233680816224,493210,493308
202607182026,e2e_trace_v3,636,17293970595150562221,12124,guardian,proc_enter,7233690633760,493210,493312
202607182026,e2e_trace_v3,637,17293970595150562221,12124,guardian,output_pub,7233690813536,493210,493312
202607182026,e2e_trace_v3,638,17293970595150562221,12125,guardian,proc_enter,7233700594880,493210,493312
202607182026,e2e_trace_v3,639,17293970595150562221,12125,guardian,output_pub,7233700814912,493210,493312
202607182026,e2e_trace_v3,640,17293970595150562222,12126,guardian,proc_enter,7233710603680,493210,493307
202607182026,e2e_trace_v3,641,17293970595150562222,12126,guardian,output_pub,7233710695968,493210,493307
202607182026,e2e_trace_v3,642,17293970595150562222,12127,guardian,proc_enter,7233720603648,493210,493302
202607182026,e2e_trace_v3,643,17293970595150562222,12127,guardian,output_pub,7233720679104,493210,493302
202607182026,e2e_trace_v3,644,17293970595150562222,12128,guardian,proc_enter,7233730641888,493210,493309
202607182026,e2e_trace_v3,645,17293970595150562222,12128,guardian,output_pub,7233730833760,493210,493309
202607182026,e2e_trace_v3,646,17293970595150562222,12129,guardian,proc_enter,7233740608672,493210,493302
202607182026,e2e_trace_v3,647,17293970595150562222,12129,guardian,output_pub,7233740711072,493210,493302
202607182026,e2e_trace_v3,648,17293970595150562222,12130,guardian,proc_enter,7233750600096,493210,493313
202607182026,e2e_trace_v3,649,17293970595150562222,12130,guardian,output_pub,7233750792448,493210,493313
202607182026,e2e_trace_v3,650,17293970595150562222,12131,guardian,proc_enter,7233760657344,493210,493304
202607182026,e2e_trace_v3,651,17293970595150562222,12131,guardian,output_pub,7233760833024,493210,493304
202607182026,e2e_trace_v3,652,17293970595150562222,12132,guardian,proc_enter,7233770640416,493210,493302
202607182026,e2e_trace_v3,653,17293970595150562222,12132,guardian,output_pub,7233770760064,493210,493302
202607182026,e2e_trace_v3,654,17293970595150562222,12133,guardian,proc_enter,7233780659296,493210,493313
202607182026,e2e_trace_v3,655,17293970595150562222,12133,guardian,output_pub,7233780827328,493210,493313
202607182026,e2e_trace_v3,656,17293970595150562222,12134,guardian,proc_enter,7233790640192,493210,493313
202607182026,e2e_trace_v3,657,17293970595150562222,12134,guardian,output_pub,7233790799680,493210,493313
202607182026,e2e_trace_v3,658,17293970595150562222,12135,guardian,proc_enter,7233800647456,493210,493304
202607182026,e2e_trace_v3,659,17293970595150562222,12135,guardian,output_pub,7233800808896,493210,493304
202607182026,e2e_trace_v3,660,17293970595150562222,12136,guardian,proc_enter,7233810647200,493210,493307
202607182026,e2e_trace_v3,661,17293970595150562222,12136,guardian,output_pub,7233810801024,493210,493307
202607182026,e2e_trace_v3,662,17293970595150562222,12137,guardian,proc_enter,7233820595872,493210,493307
202607182026,e2e_trace_v3,663,17293970595150562222,12137,guardian,output_pub,7233820719040,493210,493307
202607182026,e2e_trace_v3,664,17293970595150562222,12138,guardian,proc_enter,7233830636640,493210,493313
202607182026,e2e_trace_v3,665,17293970595150562222,12138,guardian,output_pub,7233830755904,493210,493313
202607182026,e2e_trace_v3,666,17293970595150562223,12139,guardian,proc_enter,7233840627040,493210,493303
202607182026,e2e_trace_v3,667,17293970595150562223,12139,guardian,output_pub,7233840759520,493210,493303
202607182026,e2e_trace_v3,668,17293970595150562223,12140,guardian,proc_enter,7233850638176,493210,493313
202607182026,e2e_trace_v3,669,17293970595150562223,12140,guardian,output_pub,7233850779648,493210,493313
202607182026,e2e_trace_v3,670,17293970595150562223,12141,guardian,proc_enter,7233860642656,493210,493308
202607182026,e2e_trace_v3,671,17293970595150562223,12141,guardian,output_pub,7233860811488,493210,493308
202607182026,e2e_trace_v3,672,17293970595150562223,12142,guardian,proc_enter,7233870637216,493210,493300
202607182026,e2e_trace_v3,673,17293970595150562223,12142,guardian,output_pub,7233870783360,493210,493300
202607182026,e2e_trace_v3,674,17293970595150562223,12143,guardian,proc_enter,7233880666144,493210,493308
202607182026,e2e_trace_v3,675,17293970595150562223,12143,guardian,output_pub,7233880844640,493210,493308
202607182026,e2e_trace_v3,676,17293970595150562223,12144,guardian,proc_enter,7233890566944,493210,493309
202607182026,e2e_trace_v3,677,17293970595150562223,12144,guardian,output_pub,7233890723776,493210,493309
202607182026,e2e_trace_v3,678,17293970595150562223,12145,guardian,proc_enter,7233900674112,493210,493306
202607182026,e2e_trace_v3,679,17293970595150562223,12145,guardian,output_pub,7233900856832,493210,493306
202607182026,e2e_trace_v3,680,17293970595150562223,12146,guardian,proc_enter,7233910694112,493210,493306
202607182026,e2e_trace_v3,681,17293970595150562223,12146,guardian,output_pub,7233910845440,493210,493306
202607182026,e2e_trace_v3,682,17293970595150562223,12147,guardian,proc_enter,7233920652384,493210,493313
202607182026,e2e_trace_v3,683,17293970595150562223,12147,guardian,output_pub,7233920799072,493210,493313
202607182026,e2e_trace_v3,684,17293970595150562223,12148,guardian,proc_enter,7233930639328,493210,493299
202607182026,e2e_trace_v3,685,17293970595150562223,12148,guardian,output_pub,7233930769504,493210,493299
202607182026,e2e_trace_v3,686,17293970595150562223,12149,guardian,proc_enter,7233940668448,493210,493300
202607182026,e2e_trace_v3,687,17293970595150562223,12149,guardian,output_pub,7233940790656,493210,493300
202607182026,e2e_trace_v3,688,17293970595150562223,12150,guardian,proc_enter,7233950601888,493210,493300
202607182026,e2e_trace_v3,689,17293970595150562223,12150,guardian,output_pub,7233950706656,493210,493300
202607182026,e2e_trace_v3,690,17293970595150562223,12151,guardian,proc_enter,7233960650752,493210,493299
202607182026,e2e_trace_v3,691,17293970595150562223,12151,guardian,output_pub,7233960879840,493210,493299
202607182026,e2e_trace_v3,692,17293970595150562224,12152,guardian,proc_enter,7233970694816,493210,493306
202607182026,e2e_trace_v3,693,17293970595150562224,12152,guardian,output_pub,7233970881248,493210,493306
202607182026,e2e_trace_v3,694,17293970595150562224,12153,guardian,proc_enter,7233980648512,493210,493303
202607182026,e2e_trace_v3,695,17293970595150562224,12153,guardian,output_pub,7233980806176,493210,493303
202607182026,e2e_trace_v3,696,17293970595150562224,12154,guardian,proc_enter,7233990637632,493210,493306
202607182026,e2e_trace_v3,697,17293970595150562224,12154,guardian,output_pub,7233990825888,493210,493306
202607182026,e2e_trace_v3,698,17293970595150562224,12155,guardian,proc_enter,7234000612864,493210,493302
202607182026,e2e_trace_v3,699,17293970595150562224,12155,guardian,output_pub,7234000745184,493210,493302
202607182026,e2e_trace_v3,700,17293970595150562224,12156,guardian,proc_enter,7234010646752,493210,493299
202607182026,e2e_trace_v3,701,17293970595150562224,12156,guardian,output_pub,7234011076544,493210,493299
202607182026,e2e_trace_v3,702,17293970595150562224,12157,guardian,proc_enter,7234020629056,493210,493306
202607182026,e2e_trace_v3,703,17293970595150562224,12157,guardian,output_pub,7234020762944,493210,493306
202607182026,e2e_trace_v3,704,17293970595150562224,12158,guardian,proc_enter,7234030625952,493210,493303
202607182026,e2e_trace_v3,705,17293970595150562224,12158,guardian,output_pub,7234030774976,493210,493303
202607182026,e2e_trace_v3,706,17293970595150562224,12159,guardian,proc_enter,7234040631904,493210,493312
202607182026,e2e_trace_v3,707,17293970595150562224,12159,guardian,output_pub,7234040829248,493210,493312
202607182026,e2e_trace_v3,708,17293970595150562224,12160,guardian,proc_enter,7234050633504,493210,493308
202607182026,e2e_trace_v3,709,17293970595150562224,12160,guardian,output_pub,7234050782144,493210,493308
202607182026,e2e_trace_v3,710,17293970595150562225,12161,guardian,proc_enter,7234060581600,493210,493312
202607182026,e2e_trace_v3,711,17293970595150562225,12161,guardian,output_pub,7234060751040,493210,493312
202607182026,e2e_trace_v3,712,17293970595150562225,12162,guardian,proc_enter,7234070662784,493210,493303
202607182026,e2e_trace_v3,713,17293970595150562225,12162,guardian,output_pub,7234070850144,493210,493303
202607182026,e2e_trace_v3,714,17293970595150562225,12163,guardian,proc_enter,7234080628416,493210,493313
202607182026,e2e_trace_v3,715,17293970595150562225,12163,guardian,output_pub,7234080761216,493210,493313
202607182026,e2e_trace_v3,716,17293970595150562225,12164,guardian,proc_enter,7234090586112,493210,493309
202607182026,e2e_trace_v3,717,17293970595150562225,12164,guardian,output_pub,7234090676896,493210,493309
202607182026,e2e_trace_v3,718,17293970595150562225,12165,guardian,proc_enter,7234100581248,493210,493313
202607182026,e2e_trace_v3,719,17293970595150562225,12165,guardian,output_pub,7234100647104,493210,493313
202607182026,e2e_trace_v3,720,17293970595150562225,12166,guardian,proc_enter,7234110619200,493210,493310
202607182026,e2e_trace_v3,721,17293970595150562225,12166,guardian,output_pub,7234110715552,493210,493310
202607182026,e2e_trace_v3,722,17293970595150562225,12167,guardian,proc_enter,7234124744960,493210,493303
202607182026,e2e_trace_v3,723,17293970595150562225,12167,guardian,output_pub,7234124840672,493210,493303
202607182026,e2e_trace_v3,724,17293970595150562225,12168,guardian,proc_enter,7234130709792,493210,493304
202607182026,e2e_trace_v3,725,17293970595150562225,12168,guardian,output_pub,7234130807008,493210,493304
202607182026,e2e_trace_v3,726,17293970595150562226,12169,guardian,proc_enter,7234140744544,493210,493310
202607182026,e2e_trace_v3,727,17293970595150562226,12169,guardian,output_pub,7234140866688,493210,493310
202607182026,e2e_trace_v3,728,17293970595150562226,12170,guardian,proc_enter,7234150733920,493210,493306
202607182026,e2e_trace_v3,729,17293970595150562226,12170,guardian,output_pub,7234150843968,493210,493306
202607182026,e2e_trace_v3,730,17293970595150562226,12171,guardian,proc_enter,7234160742080,493210,493308
202607182026,e2e_trace_v3,731,17293970595150562226,12171,guardian,output_pub,7234160862080,493210,493308
202607182026,e2e_trace_v3,732,17293970595150562226,12172,guardian,proc_enter,7234170750048,493210,493314
202607182026,e2e_trace_v3,733,17293970595150562226,12172,guardian,output_pub,7234170876864,493210,493314
202607182026,e2e_trace_v3,734,17293970595150562226,12173,guardian,proc_enter,7234180737152,493210,493303
202607182026,e2e_trace_v3,735,17293970595150562226,12173,guardian,output_pub,7234180840064,493210,493303
202607182026,e2e_trace_v3,736,17293970595150562226,12174,guardian,proc_enter,7234190745344,493210,493310
202607182026,e2e_trace_v3,737,17293970595150562226,12174,guardian,output_pub,7234190839968,493210,493310
202607182026,e2e_trace_v3,738,17293970595150562226,12175,guardian,proc_enter,7234200741248,493210,493312
202607182026,e2e_trace_v3,739,17293970595150562226,12175,guardian,output_pub,7234200833184,493210,493312
202607182026,e2e_trace_v3,740,17293970595150562226,12176,guardian,proc_enter,7234210794016,493210,493313
202607182026,e2e_trace_v3,741,17293970595150562226,12176,guardian,output_pub,7234210944640,493210,493313
202607182026,e2e_trace_v3,742,17293970595150562226,12177,guardian,proc_enter,7234220764704,493210,493307
202607182026,e2e_trace_v3,743,17293970595150562226,12177,guardian,output_pub,7234220884064,493210,493307
202607182026,e2e_trace_v3,744,17293970595150562226,12178,guardian,proc_enter,7234230792160,493210,493304
202607182026,e2e_trace_v3,745,17293970595150562226,12178,guardian,output_pub,7234230939232,493210,493304
202607182026,e2e_trace_v3,746,17293970595150562226,12179,guardian,proc_enter,7234240772800,493210,493304
202607182026,e2e_trace_v3,747,17293970595150562226,12179,guardian,output_pub,7234240892960,493210,493304
202607182026,e2e_trace_v3,748,17293970595150562226,12180,guardian,proc_enter,7234250763008,493210,493308
202607182026,e2e_trace_v3,749,17293970595150562226,12180,guardian,output_pub,7234250879904,493210,493308
202607182026,e2e_trace_v3,750,17293970595150562226,12181,guardian,proc_enter,7234260752736,493210,493310
202607182026,e2e_trace_v3,751,17293970595150562226,12181,guardian,output_pub,7234260897984,493210,493310
202607182026,e2e_trace_v3,752,17293970595150562227,12182,guardian,proc_enter,7234270766432,493210,493303
202607182026,e2e_trace_v3,753,17293970595150562227,12182,guardian,output_pub,7234270907488,493210,493303
202607182026,e2e_trace_v3,754,17293970595150562227,12183,guardian,proc_enter,7234280741440,493210,493304
202607182026,e2e_trace_v3,755,17293970595150562227,12183,guardian,output_pub,7234280896352,493210,493304
202607182026,e2e_trace_v3,756,17293970595150562227,12184,guardian,proc_enter,7234290759520,493210,493300
202607182026,e2e_trace_v3,757,17293970595150562227,12184,guardian,output_pub,7234290940384,493210,493300
202607182026,e2e_trace_v3,758,17293970595150562227,12185,guardian,proc_enter,7234300759264,493210,493311
202607182026,e2e_trace_v3,759,17293970595150562227,12185,guardian,output_pub,7234300898880,493210,493311
202607182026,e2e_trace_v3,760,17293970595150562227,12186,guardian,proc_enter,7234310769024,493210,493304
202607182026,e2e_trace_v3,761,17293970595150562227,12186,guardian,output_pub,7234310925472,493210,493304
202607182026,e2e_trace_v3,762,17293970595150562227,12187,guardian,proc_enter,7234320779712,493210,493306
202607182026,e2e_trace_v3,763,17293970595150562227,12187,guardian,output_pub,7234320941472,493210,493306
202607182026,e2e_trace_v3,764,17293970595150562227,12188,guardian,proc_enter,7234330788960,493210,493313
202607182026,e2e_trace_v3,765,17293970595150562227,12188,guardian,output_pub,7234330946944,493210,493313
202607182026,e2e_trace_v3,766,17293970595150562227,12189,guardian,proc_enter,7234340788928,493210,493312
202607182026,e2e_trace_v3,767,17293970595150562227,12189,guardian,output_pub,7234340963424,493210,493312
202607182026,e2e_trace_v3,768,17293970595150562227,12190,guardian,proc_enter,7234350779584,493210,493308
202607182026,e2e_trace_v3,769,17293970595150562227,12190,guardian,output_pub,7234350956640,493210,493308
202607182026,e2e_trace_v3,770,17293970595150562227,12191,guardian,proc_enter,7234360782080,493210,493306
202607182026,e2e_trace_v3,771,17293970595150562227,12191,guardian,output_pub,7234360970496,493210,493306
202607182026,e2e_trace_v3,772,17293970595150562227,12192,guardian,proc_enter,7234370791296,493210,493302
202607182026,e2e_trace_v3,773,17293970595150562227,12192,guardian,output_pub,7234370947264,493210,493302
202607182026,e2e_trace_v3,774,17293970595150562228,12193,guardian,proc_enter,7234380787456,493210,493308
202607182026,e2e_trace_v3,775,17293970595150562228,12193,guardian,output_pub,7234380938176,493210,493308
202607182026,e2e_trace_v3,776,17293970595150562228,12194,guardian,proc_enter,7234390766304,493210,493313
202607182026,e2e_trace_v3,777,17293970595150562228,12194,guardian,output_pub,7234390941120,493210,493313
202607182026,e2e_trace_v3,778,17293970595150562228,12195,guardian,proc_enter,7234400764640,493210,493311
202607182026,e2e_trace_v3,779,17293970595150562228,12195,guardian,output_pub,7234401044384,493210,493311
202607182026,e2e_trace_v3,780,17293970595150562228,12196,guardian,proc_enter,7234410739168,493210,493307
202607182026,e2e_trace_v3,781,17293970595150562228,12196,guardian,output_pub,7234410884864,493210,493307
202607182026,e2e_trace_v3,782,17293970595150562228,12197,guardian,proc_enter,7234420760128,493210,493308
202607182026,e2e_trace_v3,783,17293970595150562228,12197,guardian,output_pub,7234420900640,493210,493308
202607182026,e2e_trace_v3,784,17293970595150562228,12198,guardian,proc_enter,7234430790208,493210,493310
202607182026,e2e_trace_v3,785,17293970595150562228,12198,guardian,output_pub,7234430961248,493210,493310
202607182026,e2e_trace_v3,786,17293970595150562228,12199,guardian,proc_enter,7234440743168,493210,493301
202607182026,e2e_trace_v3,787,17293970595150562228,12199,guardian,output_pub,7234440834368,493210,493301
202607182026,e2e_trace_v3,788,17293970595150562228,12200,guardian,proc_enter,7234450748544,493210,493300
202607182026,e2e_trace_v3,789,17293970595150562228,12200,guardian,output_pub,7234450850336,493210,493300
202607182026,e2e_trace_v3,790,17293970595150562228,12201,guardian,proc_enter,7234460775136,493210,493302
202607182026,e2e_trace_v3,791,17293970595150562228,12201,guardian,output_pub,7234460976256,493210,493302
202607182026,e2e_trace_v3,792,17293970595150562228,12202,guardian,proc_enter,7234470764576,493210,493307
202607182026,e2e_trace_v3,793,17293970595150562228,12202,guardian,output_pub,7234470874464,493210,493307
202607182026,e2e_trace_v3,794,17293970595150562228,12203,guardian,proc_enter,7234480741280,493210,493308
202607182026,e2e_trace_v3,795,17293970595150562228,12203,guardian,output_pub,7234480894080,493210,493308
202607182026,e2e_trace_v3,796,17293970595150562228,12204,guardian,proc_enter,7234490787008,493210,493301
202607182026,e2e_trace_v3,797,17293970595150562228,12204,guardian,output_pub,7234490988704,493210,493301
202607182026,e2e_trace_v3,798,17293970595150562228,12205,guardian,proc_enter,7234500758752,493210,493305
202607182026,e2e_trace_v3,799,17293970595150562228,12205,guardian,output_pub,7234500899744,493210,493305
202607182026,e2e_trace_v3,800,17293970595150562229,12206,guardian,proc_enter,7234510755680,493210,493313
202607182026,e2e_trace_v3,801,17293970595150562229,12206,guardian,output_pub,7234510893568,493210,493313
202607182026,e2e_trace_v3,802,17293970595150562229,12207,guardian,proc_enter,7234520749760,493210,493309
202607182026,e2e_trace_v3,803,17293970595150562229,12207,guardian,output_pub,7234520879680,493210,493309
202607182026,e2e_trace_v3,804,17293970595150562229,12208,guardian,proc_enter,7234530761824,493210,493305
202607182026,e2e_trace_v3,805,17293970595150562229,12208,guardian,output_pub,7234530864832,493210,493305
202607182026,e2e_trace_v3,806,17293970595150562229,12209,guardian,proc_enter,7234540713856,493210,493303
202607182026,e2e_trace_v3,807,17293970595150562229,12209,guardian,output_pub,7234540795104,493210,493303
202607182026,e2e_trace_v3,808,17293970595150562229,12210,guardian,proc_enter,7234550747008,493210,493300
202607182026,e2e_trace_v3,809,17293970595150562229,12210,guardian,output_pub,7234550845152,493210,493300
202607182026,e2e_trace_v3,810,17293970595150562229,12211,guardian,proc_enter,7234560755072,493210,493306
202607182026,e2e_trace_v3,811,17293970595150562229,12211,guardian,output_pub,7234560946336,493210,493306
202607182026,e2e_trace_v3,812,17293970595150562229,12212,guardian,proc_enter,7234570763744,493210,493300
202607182026,e2e_trace_v3,813,17293970595150562229,12212,guardian,output_pub,7234570920992,493210,493300
202607182026,e2e_trace_v3,814,17293970595150562229,12213,guardian,proc_enter,7234580787520,493210,493314
202607182026,e2e_trace_v3,815,17293970595150562229,12213,guardian,output_pub,7234580955488,493210,493314
202607182026,e2e_trace_v3,816,17293970595150562229,12214,guardian,proc_enter,7234593281248,493210,493312
202607182026,e2e_trace_v3,817,17293970595150562229,12214,guardian,output_pub,7234593481280,493210,493312
202607182026,e2e_trace_v3,818,17293970595150562229,12215,guardian,proc_enter,7234601275104,493210,493301
202607182026,e2e_trace_v3,819,17293970595150562229,12215,guardian,output_pub,7234601479232,493210,493301
202607182026,e2e_trace_v3,820,17293970595150562230,12216,guardian,proc_enter,7234611273984,493210,493308
202607182026,e2e_trace_v3,821,17293970595150562230,12216,guardian,output_pub,7234611440256,493210,493308
202607182026,e2e_trace_v3,822,17293970595150562230,12217,guardian,proc_enter,7234621223136,493210,493309
202607182026,e2e_trace_v3,823,17293970595150562230,12217,guardian,output_pub,7234621383584,493210,493309
202607182026,e2e_trace_v3,824,17293970595150562230,12218,guardian,proc_enter,7234631201312,493210,493303
202607182026,e2e_trace_v3,825,17293970595150562230,12218,guardian,output_pub,7234631305760,493210,493303
202607182026,e2e_trace_v3,826,17293970595150562230,12219,guardian,proc_enter,7234641234112,493210,493313
202607182026,e2e_trace_v3,827,17293970595150562230,12219,guardian,output_pub,7234641339904,493210,493313
202607182026,e2e_trace_v3,828,17293970595150562230,12220,guardian,proc_enter,7234651279904,493210,493314
202607182026,e2e_trace_v3,829,17293970595150562230,12220,guardian,output_pub,7234651455680,493210,493314
202607182026,e2e_trace_v3,830,17293970595150562230,12221,guardian,proc_enter,7234661259232,493210,493311
202607182026,e2e_trace_v3,831,17293970595150562230,12221,guardian,output_pub,7234661461184,493210,493311
202607182026,e2e_trace_v3,832,17293970595150562230,12222,guardian,proc_enter,7234671274912,493210,493307
202607182026,e2e_trace_v3,833,17293970595150562230,12222,guardian,output_pub,7234671425760,493210,493307
202607182026,e2e_trace_v3,834,17293970595150562230,12223,guardian,proc_enter,7234681288576,493210,493310
202607182026,e2e_trace_v3,835,17293970595150562230,12223,guardian,output_pub,7234681480384,493210,493310
202607182026,e2e_trace_v3,836,17293970595150562230,12224,guardian,proc_enter,7234691279200,493210,493309
202607182026,e2e_trace_v3,837,17293970595150562230,12224,guardian,output_pub,7234691468224,493210,493309
202607182026,e2e_trace_v3,838,17293970595150562230,12225,guardian,proc_enter,7234701270208,493210,493314
202607182026,e2e_trace_v3,839,17293970595150562230,12225,guardian,output_pub,7234701445344,493210,493314
202607182026,e2e_trace_v3,840,17293970595150562230,12226,guardian,proc_enter,7234711293856,493210,493306
202607182026,e2e_trace_v3,841,17293970595150562230,12226,guardian,output_pub,7234711428416,493210,493306
202607182026,e2e_trace_v3,842,17293970595150562231,12227,guardian,proc_enter,7234721273792,493210,493307
202607182026,e2e_trace_v3,843,17293970595150562231,12227,guardian,output_pub,7234721427424,493210,493307
202607182026,e2e_trace_v3,844,17293970595150562231,12228,guardian,proc_enter,7234731310816,493210,493304
202607182026,e2e_trace_v3,845,17293970595150562231,12228,guardian,output_pub,7234731529760,493210,493304
202607182026,e2e_trace_v3,846,17293970595150562231,12229,guardian,proc_enter,7234741279552,493210,493311
202607182026,e2e_trace_v3,847,17293970595150562231,12229,guardian,output_pub,7234741405408,493210,493311
202607182026,e2e_trace_v3,848,17293970595150562231,12230,guardian,proc_enter,7234751270912,493210,493300
202607182026,e2e_trace_v3,849,17293970595150562231,12230,guardian,output_pub,7234751412320,493210,493300
202607182026,e2e_trace_v3,850,17293970595150562231,12231,guardian,proc_enter,7234761252736,493210,493302
202607182026,e2e_trace_v3,851,17293970595150562231,12231,guardian,output_pub,7234761385600,493210,493302
202607182026,e2e_trace_v3,852,17293970595150562231,12232,guardian,proc_enter,7234771205632,493210,493299
202607182026,e2e_trace_v3,853,17293970595150562231,12232,guardian,output_pub,7234771307552,493210,493299
202607182026,e2e_trace_v3,854,17293970595150562231,12233,guardian,proc_enter,7234781241280,493210,493306
202607182026,e2e_trace_v3,855,17293970595150562231,12233,guardian,output_pub,7234781358592,493210,493306
202607182026,e2e_trace_v3,856,17293970595150562231,12234,guardian,proc_enter,7234791235680,493210,493313
202607182026,e2e_trace_v3,857,17293970595150562231,12234,guardian,output_pub,7234791497152,493210,493313
202607182026,e2e_trace_v3,858,17293970595150562231,12235,guardian,proc_enter,7234801318496,493210,493299
202607182026,e2e_trace_v3,859,17293970595150562231,12235,guardian,output_pub,7234801499872,493210,493299
202607182026,e2e_trace_v3,860,17293970595150562231,12236,guardian,proc_enter,7234815889024,493210,493299
202607182026,e2e_trace_v3,861,17293970595150562231,12236,guardian,output_pub,7234816055968,493210,493299
202607182026,e2e_trace_v3,862,17293970595150562231,12237,guardian,proc_enter,7234819819136,493210,493300
202607182026,e2e_trace_v3,863,17293970595150562231,12237,guardian,output_pub,7234819961312,493210,493300
202607182026,e2e_trace_v3,864,17293970595150562231,12238,guardian,proc_enter,7234829833152,493210,493305
202607182026,e2e_trace_v3,865,17293970595150562231,12238,guardian,output_pub,7234830027584,493210,493305
202607182026,e2e_trace_v3,866,17293970595150562232,12239,guardian,proc_enter,7234839839296,493210,493311
202607182026,e2e_trace_v3,867,17293970595150562232,12239,guardian,output_pub,7234840015616,493210,493311
202607182026,e2e_trace_v3,868,17293970595150562232,12240,guardian,proc_enter,7234849815488,493210,493306
202607182026,e2e_trace_v3,869,17293970595150562232,12240,guardian,output_pub,7234850000832,493210,493306
202607182026,e2e_trace_v3,870,17293970595150562232,12241,guardian,proc_enter,7234859851840,493210,493313
202607182026,e2e_trace_v3,871,17293970595150562232,12241,guardian,output_pub,7234860002048,493210,493313
202607182026,e2e_trace_v3,872,17293970595150562232,12242,guardian,proc_enter,7234869832032,493210,493309
202607182026,e2e_trace_v3,873,17293970595150562232,12242,guardian,output_pub,7234869969568,493210,493309
202607182026,e2e_trace_v3,874,17293970595150562232,12243,guardian,proc_enter,7234879819616,493210,493302
202607182026,e2e_trace_v3,875,17293970595150562232,12243,guardian,output_pub,7234879941856,493210,493302
202607182026,e2e_trace_v3,876,17293970595150562232,12244,guardian,proc_enter,7234889827840,493210,493303
202607182026,e2e_trace_v3,877,17293970595150562232,12244,guardian,output_pub,7234890006976,493210,493303
202607182026,e2e_trace_v3,878,17293970595150562232,12245,guardian,proc_enter,7234899824416,493210,493309
202607182026,e2e_trace_v3,879,17293970595150562232,12245,guardian,output_pub,7234899945600,493210,493309
202607182026,e2e_trace_v3,880,17293970595150562232,12246,guardian,proc_enter,7234909820928,493210,493304
202607182026,e2e_trace_v3,881,17293970595150562232,12246,guardian,output_pub,7234910027264,493210,493304
202607182026,e2e_trace_v3,882,17293970595150562232,12247,guardian,proc_enter,7234919810656,493210,493307
202607182026,e2e_trace_v3,883,17293970595150562232,12247,guardian,output_pub,7234920001120,493210,493307
202607182026,e2e_trace_v3,884,17293970595150562232,12248,guardian,proc_enter,7234929853248,493210,493302
202607182026,e2e_trace_v3,885,17293970595150562232,12248,guardian,output_pub,7234930048544,493210,493302
202607182026,e2e_trace_v3,886,17293970595150562232,12249,guardian,proc_enter,7234939829920,493210,493313
202607182026,e2e_trace_v3,887,17293970595150562232,12249,guardian,output_pub,7234939962528,493210,493313
202607182026,e2e_trace_v3,888,17293970595150562232,12250,guardian,proc_enter,7234949831168,493210,493311
202607182026,e2e_trace_v3,889,17293970595150562232,12250,guardian,output_pub,7234949975520,493210,493311
202607182026,e2e_trace_v3,890,17293970595150562232,12251,guardian,proc_enter,7234959778400,493210,493306
202607182026,e2e_trace_v3,891,17293970595150562232,12251,guardian,output_pub,7234959944992,493210,493306
202607182026,e2e_trace_v3,892,17293970595150562233,12252,guardian,proc_enter,7234969839296,493210,493305
202607182026,e2e_trace_v3,893,17293970595150562233,12252,guardian,output_pub,7234970008320,493210,493305
202607182026,e2e_trace_v3,894,17293970595150562233,12253,guardian,proc_enter,7234979835712,493210,493310
202607182026,e2e_trace_v3,895,17293970595150562233,12253,guardian,output_pub,7234979982688,493210,493310
202607182026,e2e_trace_v3,896,17293970595150562233,12254,guardian,proc_enter,7234989802400,493210,493312
202607182026,e2e_trace_v3,897,17293970595150562233,12254,guardian,output_pub,7234989947008,493210,493312
202607182026,e2e_trace_v3,898,17293970595150562233,12255,guardian,proc_enter,7234999832512,493210,493303
202607182026,e2e_trace_v3,899,17293970595150562233,12255,guardian,output_pub,7234999978464,493210,493303
202607182026,e2e_trace_v3,900,17293970595150562233,12256,guardian,proc_enter,7235009836768,493210,493313
202607182026,e2e_trace_v3,901,17293970595150562233,12256,guardian,output_pub,7235010006368,493210,493313
202607182026,e2e_trace_v3,902,17293970595150562233,12257,guardian,proc_enter,7235019840288,493210,493312
202607182026,e2e_trace_v3,903,17293970595150562233,12257,guardian,output_pub,7235020017632,493210,493312
202607182026,e2e_trace_v3,904,17293970595150562233,12258,guardian,proc_enter,7235029843200,493210,493311
202607182026,e2e_trace_v3,905,17293970595150562233,12258,guardian,output_pub,7235030044480,493210,493311
202607182026,e2e_trace_v3,906,17293970595150562233,12259,guardian,proc_enter,7235040556480,493210,493308
202607182026,e2e_trace_v3,907,17293970595150562233,12259,guardian,output_pub,7235040678112,493210,493308
202607182026,e2e_trace_v3,908,17293970595150562233,12260,guardian,proc_enter,7235054901248,493210,493308
202607182026,e2e_trace_v3,909,17293970595150562233,12260,guardian,output_pub,7235055051616,493210,493308
202607182026,e2e_trace_v3,910,17293970595150562233,12261,guardian,proc_enter,7235060876640,493210,493303
202607182026,e2e_trace_v3,911,17293970595150562233,12261,guardian,output_pub,7235061079008,493210,493303
202607182026,e2e_trace_v3,912,17293970595150562234,12262,guardian,proc_enter,7235070907648,493210,493310
202607182026,e2e_trace_v3,913,17293970595150562234,12262,guardian,output_pub,7235071054848,493210,493310
202607182026,e2e_trace_v3,914,17293970595150562234,12263,guardian,proc_enter,7235080899552,493210,493310
202607182026,e2e_trace_v3,915,17293970595150562234,12263,guardian,output_pub,7235081035232,493210,493310
202607182026,e2e_trace_v3,916,17293970595150562234,12264,guardian,proc_enter,7235090867840,493210,493300
202607182026,e2e_trace_v3,917,17293970595150562234,12264,guardian,output_pub,7235091016672,493210,493300
202607182026,e2e_trace_v3,918,17293970595150562234,12265,guardian,proc_enter,7235100895616,493210,493306
202607182026,e2e_trace_v3,919,17293970595150562234,12265,guardian,output_pub,7235101078816,493210,493306
202607182026,e2e_trace_v3,920,17293970595150562234,12266,guardian,proc_enter,7235110857056,493210,493303
202607182026,e2e_trace_v3,921,17293970595150562234,12266,guardian,output_pub,7235110976992,493210,493303
202607182026,e2e_trace_v3,922,17293970595150562234,12267,guardian,proc_enter,7235120833184,493210,493301
202607182026,e2e_trace_v3,923,17293970595150562234,12267,guardian,output_pub,7235120932448,493210,493301
202607182026,e2e_trace_v3,924,17293970595150562234,12268,guardian,proc_enter,7235130832096,493210,493308
202607182026,e2e_trace_v3,925,17293970595150562234,12268,guardian,output_pub,7235130914752,493210,493308
202607182026,e2e_trace_v3,926,17293970595150562234,12269,guardian,proc_enter,7235140833760,493210,493312
202607182026,e2e_trace_v3,927,17293970595150562234,12269,guardian,output_pub,7235140940128,493210,493312
202607182026,e2e_trace_v3,928,17293970595150562234,12270,guardian,proc_enter,7235150841184,493210,493302
202607182026,e2e_trace_v3,929,17293970595150562234,12270,guardian,output_pub,7235150928800,493210,493302
202607182026,e2e_trace_v3,930,17293970595150562234,12271,guardian,proc_enter,7235160841664,493210,493299
202607182026,e2e_trace_v3,931,17293970595150562234,12271,guardian,output_pub,7235160949504,493210,493299
202607182026,e2e_trace_v3,932,17293970595150562234,12272,guardian,proc_enter,7235170845504,493210,493303
202607182026,e2e_trace_v3,933,17293970595150562234,12272,guardian,output_pub,7235170933472,493210,493303
202607182026,e2e_trace_v3,934,17293970595150562235,12273,guardian,proc_enter,7235180858528,493210,493314
202607182026,e2e_trace_v3,935,17293970595150562235,12273,guardian,output_pub,7235181040736,493210,493314
202607182026,e2e_trace_v3,936,17293970595150562235,12274,guardian,proc_enter,7235190834016,493210,493313
202607182026,e2e_trace_v3,937,17293970595150562235,12274,guardian,output_pub,7235190933728,493210,493313
202607182026,e2e_trace_v3,938,17293970595150562235,12275,guardian,proc_enter,7235200830752,493210,493302
202607182026,e2e_trace_v3,939,17293970595150562235,12275,guardian,output_pub,7235200911424,493210,493302
202607182026,e2e_trace_v3,940,17293970595150562235,12276,guardian,proc_enter,7235210807296,493210,493306
202607182026,e2e_trace_v3,941,17293970595150562235,12276,guardian,output_pub,7235210888352,493210,493306
202607182026,e2e_trace_v3,942,17293970595150562235,12277,guardian,proc_enter,7235220792384,493210,493304
202607182026,e2e_trace_v3,943,17293970595150562235,12277,guardian,output_pub,7235220866752,493210,493304
202607182026,e2e_trace_v3,944,17293970595150562235,12278,guardian,proc_enter,7235230840832,493210,493304
202607182026,e2e_trace_v3,945,17293970595150562235,12278,guardian,output_pub,7235230933728,493210,493304
202607182026,e2e_trace_v3,946,17293970595150562235,12279,guardian,proc_enter,7235240818336,493210,493313
202607182026,e2e_trace_v3,947,17293970595150562235,12279,guardian,output_pub,7235240934048,493210,493313
202607182026,e2e_trace_v3,948,17293970595150562235,12280,guardian,proc_enter,7235250866144,493210,493311
202607182026,e2e_trace_v3,949,17293970595150562235,12280,guardian,output_pub,7235250981600,493210,493311
202607182026,e2e_trace_v3,950,17293970595150562235,12281,guardian,proc_enter,7235260870624,493210,493307
202607182026,e2e_trace_v3,951,17293970595150562235,12281,guardian,output_pub,7235260993568,493210,493307
202607182026,e2e_trace_v3,952,17293970595150562235,12282,guardian,proc_enter,7235270883072,493210,493311
202607182026,e2e_trace_v3,953,17293970595150562235,12282,guardian,output_pub,7235270995936,493210,493311
202607182026,e2e_trace_v3,954,17293970595150562235,12283,guardian,proc_enter,7235280826400,493210,493307
202607182026,e2e_trace_v3,955,17293970595150562235,12283,guardian,output_pub,7235280942560,493210,493307
202607182026,e2e_trace_v3,956,17293970595150562236,12284,guardian,proc_enter,7235290834048,493210,493311
202607182026,e2e_trace_v3,957,17293970595150562236,12284,guardian,output_pub,7235290935520,493210,493311
202607182026,e2e_trace_v3,958,17293970595150562236,12285,guardian,proc_enter,7235300834560,493210,493305
202607182026,e2e_trace_v3,959,17293970595150562236,12285,guardian,output_pub,7235300916672,493210,493305
202607182026,e2e_trace_v3,960,17293970595150562236,12286,guardian,proc_enter,7235310797408,493210,493309
202607182026,e2e_trace_v3,961,17293970595150562236,12286,guardian,output_pub,7235310905760,493210,493309
202607182026,e2e_trace_v3,962,17293970595150562236,12287,guardian,proc_enter,7235320804160,493210,493310
202607182026,e2e_trace_v3,963,17293970595150562236,12287,guardian,output_pub,7235320897472,493210,493310
202607182026,e2e_trace_v3,964,17293970595150562236,12288,guardian,proc_enter,7235330812160,493210,493306
202607182026,e2e_trace_v3,965,17293970595150562236,12288,guardian,output_pub,7235330909536,493210,493306
202607182026,e2e_trace_v3,966,17293970595150562236,12289,guardian,proc_enter,7235340847840,493210,493308
202607182026,e2e_trace_v3,967,17293970595150562236,12289,guardian,output_pub,7235340934080,493210,493308
202607182026,e2e_trace_v3,968,17293970595150562236,12290,guardian,proc_enter,7235350845856,493210,493313
202607182026,e2e_trace_v3,969,17293970595150562236,12290,guardian,output_pub,7235350995520,493210,493313
202607182026,e2e_trace_v3,970,17293970595150562236,12291,guardian,proc_enter,7235360858464,493210,493308
202607182026,e2e_trace_v3,971,17293970595150562236,12291,guardian,output_pub,7235360984928,493210,493308
202607182026,e2e_trace_v3,972,17293970595150562236,12292,guardian,proc_enter,7235370850272,493210,493310
202607182026,e2e_trace_v3,973,17293970595150562236,12292,guardian,output_pub,7235370973216,493210,493310
202607182026,e2e_trace_v3,974,17293970595150562236,12293,guardian,proc_enter,7235380883328,493210,493306
202607182026,e2e_trace_v3,975,17293970595150562236,12293,guardian,output_pub,7235381067520,493210,493306
202607182026,e2e_trace_v3,976,17293970595150562236,12294,guardian,proc_enter,7235390873696,493210,493299
202607182026,e2e_trace_v3,977,17293970595150562236,12294,guardian,output_pub,7235390985792,493210,493299
202607182026,e2e_trace_v3,978,17293970595150562237,12295,guardian,proc_enter,7235400812096,493210,493300
202607182026,e2e_trace_v3,979,17293970595150562237,12295,guardian,output_pub,7235400957664,493210,493300
202607182026,e2e_trace_v3,980,17293970595150562237,12296,guardian,proc_enter,7235410859040,493210,493311
202607182026,e2e_trace_v3,981,17293970595150562237,12296,guardian,output_pub,7235411008992,493210,493311
202607182026,e2e_trace_v3,982,17293970595150562237,12297,guardian,proc_enter,7235420846304,493210,493305
202607182026,e2e_trace_v3,983,17293970595150562237,12297,guardian,output_pub,7235421003552,493210,493305
202607182026,e2e_trace_v3,984,17293970595150562237,12298,guardian,proc_enter,7235430835936,493210,493309
202607182026,e2e_trace_v3,985,17293970595150562237,12298,guardian,output_pub,7235430975904,493210,493309
202607182026,e2e_trace_v3,986,17293970595150562237,12299,guardian,proc_enter,7235440804384,493210,493306
202607182026,e2e_trace_v3,987,17293970595150562237,12299,guardian,output_pub,7235441056000,493210,493306
202607182026,e2e_trace_v3,988,17293970595150562237,12300,guardian,proc_enter,7235450839008,493210,493312
202607182026,e2e_trace_v3,989,17293970595150562237,12300,guardian,output_pub,7235450964768,493210,493312
202607182026,e2e_trace_v3,990,17293970595150562237,12301,guardian,proc_enter,7235460872736,493210,493311
202607182026,e2e_trace_v3,991,17293970595150562237,12301,guardian,output_pub,7235461053728,493210,493311
202607182026,e2e_trace_v3,992,17293970595150562237,12302,guardian,proc_enter,7235470846560,493210,493304
202607182026,e2e_trace_v3,993,17293970595150562237,12302,guardian,output_pub,7235470975008,493210,493304
202607182026,e2e_trace_v3,994,17293970595150562237,12303,guardian,proc_enter,7235480822464,493210,493301
202607182026,e2e_trace_v3,995,17293970595150562237,12303,guardian,output_pub,7235480934496,493210,493301
202607182026,e2e_trace_v3,996,17293970595150562237,12304,guardian,proc_enter,7235490875232,493210,493300
202607182026,e2e_trace_v3,997,17293970595150562237,12304,guardian,output_pub,7235490986848,493210,493300
202607182026,e2e_trace_v3,998,17293970595150562237,12305,guardian,proc_enter,7235500826272,493210,493312
202607182026,e2e_trace_v3,999,17293970595150562237,12305,guardian,output_pub,7235500946528,493210,493312
202607182026,e2e_trace_v3,1000,17293970595150562238,12306,guardian,proc_enter,7235510853312,493210,493313
202607182026,e2e_trace_v3,1001,17293970595150562238,12306,guardian,output_pub,7235510967840,493210,493313
202607182026,e2e_trace_v3,1002,17293970595150562238,12307,guardian,proc_enter,7235520830496,493210,493302
202607182026,e2e_trace_v3,1003,17293970595150562238,12307,guardian,output_pub,7235520957216,493210,493302
202607182026,e2e_trace_v3,1004,17293970595150562238,12308,guardian,proc_enter,7235530818080,493210,493314
202607182026,e2e_trace_v3,1005,17293970595150562238,12308,guardian,output_pub,7235530940192,493210,493314
202607182026,e2e_trace_v3,1006,17293970595150562238,12309,guardian,proc_enter,7235540840288,493210,493305
202607182026,e2e_trace_v3,1007,17293970595150562238,12309,guardian,output_pub,7235540952960,493210,493305
202607182026,e2e_trace_v3,1008,17293970595150562238,12310,guardian,proc_enter,7235550821696,493210,493311
202607182026,e2e_trace_v3,1009,17293970595150562238,12310,guardian,output_pub,7235550914080,493210,493311
202607182026,e2e_trace_v3,1010,17293970595150562238,12311,guardian,proc_enter,7235560830784,493210,493305
202607182026,e2e_trace_v3,1011,17293970595150562238,12311,guardian,output_pub,7235560939232,493210,493305
202607182026,e2e_trace_v3,1012,17293970595150562238,12312,guardian,proc_enter,7235570802880,493210,493312
202607182026,e2e_trace_v3,1013,17293970595150562238,12312,guardian,output_pub,7235570910496,493210,493312
202607182026,e2e_trace_v3,1014,17293970595150562238,12313,guardian,proc_enter,7235580843616,493210,493303
202607182026,e2e_trace_v3,1015,17293970595150562238,12313,guardian,output_pub,7235580964768,493210,493303
202607182026,e2e_trace_v3,1016,17293970595150562238,12314,guardian,proc_enter,7235590860256,493210,493301
202607182026,e2e_trace_v3,1017,17293970595150562238,12314,guardian,output_pub,7235590974304,493210,493301
202607182026,e2e_trace_v3,1018,17293970595150562238,12315,guardian,proc_enter,7235600832704,493210,493307
202607182026,e2e_trace_v3,1019,17293970595150562238,12315,guardian,output_pub,7235600955104,493210,493307
202607182026,e2e_trace_v3,1020,17293970595150562238,12316,guardian,proc_enter,7235610862752,493210,493299
202607182026,e2e_trace_v3,1021,17293970595150562238,12316,guardian,output_pub,7235610987232,493210,493299
202607182026,e2e_trace_v3,1022,17293970595150562239,12317,guardian,proc_enter,7235620847488,493210,493299
202607182026,e2e_trace_v3,1023,17293970595150562239,12317,guardian,output_pub,7235620968672,493210,493299
202607182026,e2e_trace_v3,1024,17293970595150562239,12318,guardian,proc_enter,7235630844736,493210,493314
202607182026,e2e_trace_v3,1025,17293970595150562239,12318,guardian,output_pub,7235631003776,493210,493314
202607182026,e2e_trace_v3,1026,17293970595150562239,12319,guardian,proc_enter,7235640790176,493210,493299
202607182026,e2e_trace_v3,1027,17293970595150562239,12319,guardian,output_pub,7235640896000,493210,493299
202607182026,e2e_trace_v3,1028,17293970595150562239,12320,guardian,proc_enter,7235650843776,493210,493300
202607182026,e2e_trace_v3,1029,17293970595150562239,12320,guardian,output_pub,7235650989248,493210,493300
202607182026,e2e_trace_v3,1030,17293970595150562239,12321,guardian,proc_enter,7235660834112,493210,493306
202607182026,e2e_trace_v3,1031,17293970595150562239,12321,guardian,output_pub,7235660925536,493210,493306
202607182026,e2e_trace_v3,1032,17293970595150562239,12322,guardian,proc_enter,7235670824704,493210,493313
202607182026,e2e_trace_v3,1033,17293970595150562239,12322,guardian,output_pub,7235670916096,493210,493313
202607182026,e2e_trace_v3,1034,17293970595150562239,12323,guardian,proc_enter,7235680841120,493210,493308
202607182026,e2e_trace_v3,1035,17293970595150562239,12323,guardian,output_pub,7235680934144,493210,493308
202607182026,e2e_trace_v3,1036,17293970595150562239,12324,guardian,proc_enter,7235690843680,493210,493305
202607182026,e2e_trace_v3,1037,17293970595150562239,12324,guardian,output_pub,7235690977504,493210,493305
202607182026,e2e_trace_v3,1038,17293970595150562239,12325,guardian,proc_enter,7235700830368,493210,493306
202607182026,e2e_trace_v3,1039,17293970595150562239,12325,guardian,output_pub,7235700946048,493210,493306
202607182026,e2e_trace_v3,1040,17293970595150562239,12326,guardian,proc_enter,7235710871776,493210,493301
202607182026,e2e_trace_v3,1041,17293970595150562239,12326,guardian,output_pub,7235711056736,493210,493301
202607182026,e2e_trace_v3,1042,17293970595150562239,12327,guardian,proc_enter,7235720883232,493210,493314
202607182026,e2e_trace_v3,1043,17293970595150562239,12327,guardian,output_pub,7235720992640,493210,493314
202607182026,e2e_trace_v3,1044,17293970595150562239,12328,guardian,proc_enter,7235730829344,493210,493313
202607182026,e2e_trace_v3,1045,17293970595150562239,12328,guardian,output_pub,7235730964576,493210,493313
202607182026,e2e_trace_v3,1046,17293970595150562240,12329,guardian,proc_enter,7235740825024,493210,493314
202607182026,e2e_trace_v3,1047,17293970595150562240,12329,guardian,output_pub,7235740938048,493210,493314
202607182026,e2e_trace_v3,1048,17293970595150562240,12330,guardian,proc_enter,7235750860256,493210,493307
202607182026,e2e_trace_v3,1049,17293970595150562240,12330,guardian,output_pub,7235751053760,493210,493307
202607182026,e2e_trace_v3,1050,17293970595150562240,12331,guardian,proc_enter,7235760866336,493210,493311
202607182026,e2e_trace_v3,1051,17293970595150562240,12331,guardian,output_pub,7235761061504,493210,493311
202607182026,e2e_trace_v3,1052,17293970595150562240,12332,guardian,proc_enter,7235770875168,493210,493304
202607182026,e2e_trace_v3,1053,17293970595150562240,12332,guardian,output_pub,7235771004512,493210,493304
202607182026,e2e_trace_v3,1054,17293970595150562240,12333,guardian,proc_enter,7235780815712,493210,493306
202607182026,e2e_trace_v3,1055,17293970595150562240,12333,guardian,output_pub,7235780947456,493210,493306
202607182026,e2e_trace_v3,1056,17293970595150562240,12334,guardian,proc_enter,7235790832640,493210,493313
202607182026,e2e_trace_v3,1057,17293970595150562240,12334,guardian,output_pub,7235790947648,493210,493313
202607182026,e2e_trace_v3,1058,17293970595150562240,12335,guardian,proc_enter,7235800841120,493210,493305
202607182026,e2e_trace_v3,1059,17293970595150562240,12335,guardian,output_pub,7235800979136,493210,493305
202607182026,e2e_trace_v3,1060,17293970595150562240,12336,guardian,proc_enter,7235810861952,493210,493310
202607182026,e2e_trace_v3,1061,17293970595150562240,12336,guardian,output_pub,7235811041024,493210,493310
202607182026,e2e_trace_v3,1062,17293970595150562240,12337,guardian,proc_enter,7235820858432,493210,493306
202607182026,e2e_trace_v3,1063,17293970595150562240,12337,guardian,output_pub,7235821003776,493210,493306
202607182026,e2e_trace_v3,1064,17293970595150562240,12338,guardian,proc_enter,7235830848352,493210,493312
202607182026,e2e_trace_v3,1065,17293970595150562240,12338,guardian,output_pub,7235830985088,493210,493312
202607182026,e2e_trace_v3,1066,17293970595150562240,12339,guardian,proc_enter,7235840877408,493210,493307
202607182026,e2e_trace_v3,1067,17293970595150562240,12339,guardian,output_pub,7235841009600,493210,493307
202607182026,e2e_trace_v3,1068,17293970595150562240,12340,guardian,proc_enter,7235850871104,493210,493301
202607182026,e2e_trace_v3,1069,17293970595150562240,12340,guardian,output_pub,7235850992352,493210,493301
202607182026,e2e_trace_v3,1070,17293970595150562240,12341,guardian,proc_enter,7235860854976,493210,493303
202607182026,e2e_trace_v3,1071,17293970595150562240,12341,guardian,output_pub,7235860995104,493210,493303
202607182026,e2e_trace_v3,1072,17293970595150562241,12342,guardian,proc_enter,7235870853184,493210,493304
202607182026,e2e_trace_v3,1073,17293970595150562241,12342,guardian,output_pub,7235870990784,493210,493304
202607182026,e2e_trace_v3,1074,17293970595150562241,12343,guardian,proc_enter,7235880844512,493210,493300
202607182026,e2e_trace_v3,1075,17293970595150562241,12343,guardian,output_pub,7235880960256,493210,493300
202607182026,e2e_trace_v3,1076,17293970595150562241,12344,guardian,proc_enter,7235890849280,493210,493314
202607182026,e2e_trace_v3,1077,17293970595150562241,12344,guardian,output_pub,7235890951072,493210,493314
202607182026,e2e_trace_v3,1078,17293970595150562241,12345,guardian,proc_enter,7235900858912,493210,493302
202607182026,e2e_trace_v3,1079,17293970595150562241,12345,guardian,output_pub,7235901002528,493210,493302
202607182026,e2e_trace_v3,1080,17293970595150562241,12346,guardian,proc_enter,7235910851680,493210,493309
202607182026,e2e_trace_v3,1081,17293970595150562241,12346,guardian,output_pub,7235911015904,493210,493309
202607182026,e2e_trace_v3,1082,17293970595150562241,12347,guardian,proc_enter,7235920842240,493210,493303
202607182026,e2e_trace_v3,1083,17293970595150562241,12347,guardian,output_pub,7235920983552,493210,493303
202607182026,e2e_trace_v3,1084,17293970595150562241,12348,guardian,proc_enter,7235930822368,493210,493311
202607182026,e2e_trace_v3,1085,17293970595150562241,12348,guardian,output_pub,7235930966720,493210,493311
202607182026,e2e_trace_v3,1086,17293970595150562241,12349,guardian,proc_enter,7235944429792,493210,493308
202607182026,e2e_trace_v3,1087,17293970595150562241,12349,guardian,output_pub,7235944550208,493210,493308
202607182026,e2e_trace_v3,1088,17293970595150562241,12350,guardian,proc_enter,7235956530304,493210,493304
202607182026,e2e_trace_v3,1089,17293970595150562241,12350,guardian,output_pub,7235956697888,493210,493304
202607182026,e2e_trace_v3,1090,17293970595150562242,12351,guardian,proc_enter,7235960494752,493210,493301
202607182026,e2e_trace_v3,1091,17293970595150562242,12351,guardian,output_pub,7235960643584,493210,493301
202607182026,e2e_trace_v3,1092,17293970595150562242,12352,guardian,proc_enter,7235970480288,493210,493303
202607182026,e2e_trace_v3,1093,17293970595150562242,12352,guardian,output_pub,7235970699072,493210,493303
202607182026,e2e_trace_v3,1094,17293970595150562242,12353,guardian,proc_enter,7235980488896,493210,493308
202607182026,e2e_trace_v3,1095,17293970595150562242,12353,guardian,output_pub,7235980686368,493210,493308
202607182026,e2e_trace_v3,1096,17293970595150562242,12354,guardian,proc_enter,7235990509856,493210,493299
202607182026,e2e_trace_v3,1097,17293970595150562242,12354,guardian,output_pub,7235990672704,493210,493299
202607182026,e2e_trace_v3,1098,17293970595150562242,12355,guardian,proc_enter,7236000495072,493210,493313
202607182026,e2e_trace_v3,1099,17293970595150562242,12355,guardian,output_pub,7236000649760,493210,493313
202607182026,e2e_trace_v3,1100,17293970595150562242,12356,guardian,proc_enter,7236010518048,493210,493312
202607182026,e2e_trace_v3,1101,17293970595150562242,12356,guardian,output_pub,7236010669248,493210,493312
202607182026,e2e_trace_v3,1102,17293970595150562242,12357,guardian,proc_enter,7236020480896,493210,493299
202607182026,e2e_trace_v3,1103,17293970595150562242,12357,guardian,output_pub,7236020613920,493210,493299
202607182026,e2e_trace_v3,1104,17293970595150562242,12358,guardian,proc_enter,7236036314560,493210,493310
202607182026,e2e_trace_v3,1105,17293970595150562242,12358,guardian,output_pub,7236036450080,493210,493310
202607182026,e2e_trace_v3,1106,17293970595150562242,12359,guardian,proc_enter,7236040277824,493210,493299
202607182026,e2e_trace_v3,1107,17293970595150562242,12359,guardian,output_pub,7236040377344,493210,493299
202607182026,e2e_trace_v3,1108,17293970595150562242,12360,guardian,proc_enter,7236050253280,493210,493308
202607182026,e2e_trace_v3,1109,17293970595150562242,12360,guardian,output_pub,7236050328160,493210,493308
202607182026,e2e_trace_v3,1110,17293970595150562242,12361,guardian,proc_enter,7236060273440,493210,493303
202607182026,e2e_trace_v3,1111,17293970595150562242,12361,guardian,output_pub,7236060484800,493210,493303
202607182026,e2e_trace_v3,1112,17293970595150562242,12362,guardian,proc_enter,7236070270400,493210,493302
202607182026,e2e_trace_v3,1113,17293970595150562242,12362,guardian,output_pub,7236070391744,493210,493302
202607182026,e2e_trace_v3,1114,17293970595150562242,12363,guardian,proc_enter,7236080293856,493210,493307
202607182026,e2e_trace_v3,1115,17293970595150562242,12363,guardian,output_pub,7236080504704,493210,493307
202607182026,e2e_trace_v3,1116,17293970595150562242,12364,guardian,proc_enter,7236090283200,493210,493301
202607182026,e2e_trace_v3,1117,17293970595150562242,12364,guardian,output_pub,7236090448160,493210,493301
202607182026,e2e_trace_v3,1118,17293970595150562242,12365,guardian,proc_enter,7236100257920,493210,493307
202607182026,e2e_trace_v3,1119,17293970595150562242,12365,guardian,output_pub,7236100526688,493210,493307
202607182026,e2e_trace_v3,1120,17293970595150562243,12366,guardian,proc_enter,7236110284032,493210,493303
202607182026,e2e_trace_v3,1121,17293970595150562243,12366,guardian,output_pub,7236110432448,493210,493303
202607182026,e2e_trace_v3,1122,17293970595150562243,12367,guardian,proc_enter,7236120273376,493210,493314
202607182026,e2e_trace_v3,1123,17293970595150562243,12367,guardian,output_pub,7236120462656,493210,493314
202607182026,e2e_trace_v3,1124,17293970595150562243,12368,guardian,proc_enter,7236130276896,493210,493302
202607182026,e2e_trace_v3,1125,17293970595150562243,12368,guardian,output_pub,7236130409408,493210,493302
202607182026,e2e_trace_v3,1126,17293970595150562243,12369,guardian,proc_enter,7236140242816,493210,493310
202607182026,e2e_trace_v3,1127,17293970595150562243,12369,guardian,output_pub,7236140369504,493210,493310
202607182026,e2e_trace_v3,1128,17293970595150562243,12370,guardian,proc_enter,7236150251488,493210,493299
202607182026,e2e_trace_v3,1129,17293970595150562243,12370,guardian,output_pub,7236150370752,493210,493299
202607182026,e2e_trace_v3,1130,17293970595150562243,12371,guardian,proc_enter,7236160244160,493210,493301
202607182026,e2e_trace_v3,1131,17293970595150562243,12371,guardian,output_pub,7236160387232,493210,493301
202607182026,e2e_trace_v3,1132,17293970595150562243,12372,guardian,proc_enter,7236170207136,493210,493304
202607182026,e2e_trace_v3,1133,17293970595150562243,12372,guardian,output_pub,7236170327584,493210,493304
202607182026,e2e_trace_v3,1134,17293970595150562243,12373,guardian,proc_enter,7236180300928,493210,493314
202607182026,e2e_trace_v3,1135,17293970595150562243,12373,guardian,output_pub,7236180397472,493210,493314
202607182026,e2e_trace_v3,1136,17293970595150562243,12374,guardian,proc_enter,7236190250944,493210,493310
202607182026,e2e_trace_v3,1137,17293970595150562243,12374,guardian,output_pub,7236190379456,493210,493310
202607182026,e2e_trace_v3,1138,17293970595150562243,12375,guardian,proc_enter,7236200256000,493210,493302
202607182026,e2e_trace_v3,1139,17293970595150562243,12375,guardian,output_pub,7236200420224,493210,493302
202607182026,e2e_trace_v3,1140,17293970595150562243,12376,guardian,proc_enter,7236210232032,493210,493299
202607182026,e2e_trace_v3,1141,17293970595150562243,12376,guardian,output_pub,7236210386336,493210,493299
202607182026,e2e_trace_v3,1142,17293970595150562243,12377,guardian,proc_enter,7236220225312,493210,493301
202607182026,e2e_trace_v3,1143,17293970595150562243,12377,guardian,output_pub,7236220368032,493210,493301
202607182026,e2e_trace_v3,1144,17293970595150562243,12378,guardian,proc_enter,7236230270752,493210,493308
202607182026,e2e_trace_v3,1145,17293970595150562243,12378,guardian,output_pub,7236230446560,493210,493308
202607182026,e2e_trace_v3,1146,17293970595150562243,12379,guardian,proc_enter,7236240222496,493210,493306
202607182026,e2e_trace_v3,1147,17293970595150562243,12379,guardian,output_pub,7236240404480,493210,493306
202607182026,e2e_trace_v3,1148,17293970595150562243,12380,guardian,proc_enter,7236250215712,493210,493303
202607182026,e2e_trace_v3,1149,17293970595150562243,12380,guardian,output_pub,7236250413408,493210,493303
202607182026,e2e_trace_v3,1150,17293970595150562243,12381,guardian,proc_enter,7236260296640,493210,493306
202607182026,e2e_trace_v3,1151,17293970595150562243,12381,guardian,output_pub,7236260485792,493210,493306
202607182026,e2e_trace_v3,1152,17293970595150562243,12382,guardian,proc_enter,7236270286560,493210,493310
202607182026,e2e_trace_v3,1153,17293970595150562243,12382,guardian,output_pub,7236270458528,493210,493310
202607182026,e2e_trace_v3,1154,17293970595150562243,12383,guardian,proc_enter,7236280269952,493210,493314
202607182026,e2e_trace_v3,1155,17293970595150562243,12383,guardian,output_pub,7236280461728,493210,493314
202607182026,e2e_trace_v3,1156,17293970595150562243,12384,guardian,proc_enter,7236290240832,493210,493310
202607182026,e2e_trace_v3,1157,17293970595150562243,12384,guardian,output_pub,7236290395872,493210,493310
202607182026,e2e_trace_v3,1158,17293970595150562243,12385,guardian,proc_enter,7236300266272,493210,493299
202607182026,e2e_trace_v3,1159,17293970595150562243,12385,guardian,output_pub,7236300429344,493210,493299
202607182026,e2e_trace_v3,1160,17293970595150562243,12386,guardian,proc_enter,7236310287680,493210,493301
202607182026,e2e_trace_v3,1161,17293970595150562243,12386,guardian,output_pub,7236310462304,493210,493301
202607182026,e2e_trace_v3,1162,17293970595150562244,12387,guardian,proc_enter,7236320215008,493210,493304
202607182026,e2e_trace_v3,1163,17293970595150562244,12387,guardian,output_pub,7236320425472,493210,493304
202607182026,e2e_trace_v3,1164,17293970595150562244,12388,guardian,proc_enter,7236330246464,493210,493308
202607182026,e2e_trace_v3,1165,17293970595150562244,12388,guardian,output_pub,7236330399936,493210,493308
202607182026,e2e_trace_v3,1166,17293970595150562244,12389,guardian,proc_enter,7236340265184,493210,493303
202607182026,e2e_trace_v3,1167,17293970595150562244,12389,guardian,output_pub,7236340455712,493210,493303
202607182026,e2e_trace_v3,1168,17293970595150562244,12390,guardian,proc_enter,7236350314304,493210,493300
202607182026,e2e_trace_v3,1169,17293970595150562244,12390,guardian,output_pub,7236350486496,493210,493300
202607182026,e2e_trace_v3,1170,17293970595150562244,12391,guardian,proc_enter,7236360277056,493210,493314
202607182026,e2e_trace_v3,1171,17293970595150562244,12391,guardian,output_pub,7236360583680,493210,493314
202607182026,e2e_trace_v3,1172,17293970595150562244,12392,guardian,proc_enter,7236370273376,493210,493301
202607182026,e2e_trace_v3,1173,17293970595150562244,12392,guardian,output_pub,7236370441536,493210,493301
202607182026,e2e_trace_v3,1174,17293970595150562244,12393,guardian,proc_enter,7236380265056,493210,493302
202607182026,e2e_trace_v3,1175,17293970595150562244,12393,guardian,output_pub,7236380505664,493210,493302
202607182026,e2e_trace_v3,1176,17293970595150562244,12394,guardian,proc_enter,7236390265280,493210,493306
202607182026,e2e_trace_v3,1177,17293970595150562244,12394,guardian,output_pub,7236390404064,493210,493306
202607182026,e2e_trace_v3,1178,17293970595150562244,12395,guardian,proc_enter,7236400258432,493210,493310
202607182026,e2e_trace_v3,1179,17293970595150562244,12395,guardian,output_pub,7236400415072,493210,493310
202607182026,e2e_trace_v3,1180,17293970595150562244,12396,guardian,proc_enter,7236410288128,493210,493313
202607182026,e2e_trace_v3,1181,17293970595150562244,12396,guardian,output_pub,7236410468736,493210,493313
202607182026,e2e_trace_v3,1182,17293970595150562244,12397,guardian,proc_enter,7236420237120,493210,493310
202607182026,e2e_trace_v3,1183,17293970595150562244,12397,guardian,output_pub,7236420404288,493210,493310
202607182026,e2e_trace_v3,1184,17293970595150562244,12398,guardian,proc_enter,7236430227040,493210,493308
202607182026,e2e_trace_v3,1185,17293970595150562244,12398,guardian,output_pub,7236430391008,493210,493308
202607182026,e2e_trace_v3,1186,17293970595150562245,12399,guardian,proc_enter,7236440218752,493210,493302
202607182026,e2e_trace_v3,1187,17293970595150562245,12399,guardian,output_pub,7236440440576,493210,493302
202607182026,e2e_trace_v3,1188,17293970595150562245,12400,guardian,proc_enter,7236450264160,493210,493299
202607182026,e2e_trace_v3,1189,17293970595150562245,12400,guardian,output_pub,7236450438976,493210,493299
202607182026,e2e_trace_v3,1190,17293970595150562245,12401,guardian,proc_enter,7236460227360,493210,493310
202607182026,e2e_trace_v3,1191,17293970595150562245,12401,guardian,output_pub,7236460350496,493210,493310
202607182026,e2e_trace_v3,1192,17293970595150562245,12402,guardian,proc_enter,7236470265440,493210,493314
202607182026,e2e_trace_v3,1193,17293970595150562245,12402,guardian,output_pub,7236470564736,493210,493314
202607182026,e2e_trace_v3,1194,17293970595150562245,12403,guardian,proc_enter,7236480226656,493210,493304
202607182026,e2e_trace_v3,1195,17293970595150562245,12403,guardian,output_pub,7236480413056,493210,493304
202607182026,e2e_trace_v3,1196,17293970595150562245,12404,guardian,proc_enter,7236490276544,493210,493299
202607182026,e2e_trace_v3,1197,17293970595150562245,12404,guardian,output_pub,7236490475168,493210,493299
202607182026,e2e_trace_v3,1198,17293970595150562245,12405,guardian,proc_enter,7236500256928,493210,493312
202607182026,e2e_trace_v3,1199,17293970595150562245,12405,guardian,output_pub,7236500373472,493210,493312
202607182026,e2e_trace_v3,1200,17293970595150562245,12406,guardian,proc_enter,7236510269312,493210,493300
202607182026,e2e_trace_v3,1201,17293970595150562245,12406,guardian,output_pub,7236510368736,493210,493300
202607182026,e2e_trace_v3,1202,17293970595150562245,12407,guardian,proc_enter,7236524537536,493210,493313
202607182026,e2e_trace_v3,1203,17293970595150562245,12407,guardian,output_pub,7236524839168,493210,493313
202607182026,e2e_trace_v3,1204,17293970595150562245,12408,guardian,proc_enter,7236530488224,493210,493300
202607182026,e2e_trace_v3,1205,17293970595150562245,12408,guardian,output_pub,7236530595232,493210,493300
202607182026,e2e_trace_v3,1206,17293970595150562246,12409,guardian,proc_enter,7236540516352,493210,493312
202607182026,e2e_trace_v3,1207,17293970595150562246,12409,guardian,output_pub,7236540683360,493210,493312
202607182026,e2e_trace_v3,1208,17293970595150562246,12410,guardian,proc_enter,7236550513152,493210,493314
202607182026,e2e_trace_v3,1209,17293970595150562246,12410,guardian,output_pub,7236550712416,493210,493314
202607182026,e2e_trace_v3,1210,17293970595150562246,12411,guardian,proc_enter,7236560519840,493210,493304
202607182026,e2e_trace_v3,1211,17293970595150562246,12411,guardian,output_pub,7236560694336,493210,493304
202607182026,e2e_trace_v3,1212,17293970595150562246,12412,guardian,proc_enter,7236570536512,493210,493308
202607182026,e2e_trace_v3,1213,17293970595150562246,12412,guardian,output_pub,7236570698880,493210,493308
202607182026,e2e_trace_v3,1214,17293970595150562246,12413,guardian,proc_enter,7236580518464,493210,493311
202607182026,e2e_trace_v3,1215,17293970595150562246,12413,guardian,output_pub,7236580694464,493210,493311
202607182026,e2e_trace_v3,1216,17293970595150562246,12414,guardian,proc_enter,7236590517632,493210,493300
202607182026,e2e_trace_v3,1217,17293970595150562246,12414,guardian,output_pub,7236590704352,493210,493300
202607182026,e2e_trace_v3,1218,17293970595150562246,12415,guardian,proc_enter,7236600521248,493210,493304
202607182026,e2e_trace_v3,1219,17293970595150562246,12415,guardian,output_pub,7236600682400,493210,493304
202607182026,e2e_trace_v3,1220,17293970595150562246,12416,guardian,proc_enter,7236610499040,493210,493301
202607182026,e2e_trace_v3,1221,17293970595150562246,12416,guardian,output_pub,7236610623232,493210,493301
202607182026,e2e_trace_v3,1222,17293970595150562246,12417,guardian,proc_enter,7236620520768,493210,493314
202607182026,e2e_trace_v3,1223,17293970595150562246,12417,guardian,output_pub,7236620602720,493210,493314
202607182026,e2e_trace_v3,1224,17293970595150562246,12418,guardian,proc_enter,7236630525824,493210,493307
202607182026,e2e_trace_v3,1225,17293970595150562246,12418,guardian,output_pub,7236630691040,493210,493307
202607182026,e2e_trace_v3,1226,17293970595150562246,12419,guardian,proc_enter,7236640468928,493210,493310
202607182026,e2e_trace_v3,1227,17293970595150562246,12419,guardian,output_pub,7236640553664,493210,493310
202607182026,e2e_trace_v3,1228,17293970595150562246,12420,guardian,proc_enter,7236650511744,493210,493302
202607182026,e2e_trace_v3,1229,17293970595150562246,12420,guardian,output_pub,7236650606944,493210,493302
202607182026,e2e_trace_v3,1230,17293970595150562246,12421,guardian,proc_enter,7236660531392,493210,493313
202607182026,e2e_trace_v3,1231,17293970595150562246,12421,guardian,output_pub,7236660671392,493210,493313
202607182026,e2e_trace_v3,1232,17293970595150562247,12422,guardian,proc_enter,7236670517600,493210,493306
202607182026,e2e_trace_v3,1233,17293970595150562247,12422,guardian,output_pub,7236670650720,493210,493306
202607182026,e2e_trace_v3,1234,17293970595150562247,12423,guardian,proc_enter,7236680530816,493210,493313
202607182026,e2e_trace_v3,1235,17293970595150562247,12423,guardian,output_pub,7236680651776,493210,493313
202607182026,e2e_trace_v3,1236,17293970595150562247,12424,guardian,proc_enter,7236690513024,493210,493306
202607182026,e2e_trace_v3,1237,17293970595150562247,12424,guardian,output_pub,7236690614592,493210,493306
202607182026,e2e_trace_v3,1238,17293970595150562247,12425,guardian,proc_enter,7236700513440,493210,493313
202607182026,e2e_trace_v3,1239,17293970595150562247,12425,guardian,output_pub,7236700668736,493210,493313
202607182026,e2e_trace_v3,1240,17293970595150562247,12426,guardian,proc_enter,7236710529888,493210,493309
202607182026,e2e_trace_v3,1241,17293970595150562247,12426,guardian,output_pub,7236710707360,493210,493309
202607182026,e2e_trace_v3,1242,17293970595150562247,12427,guardian,proc_enter,7236720560704,493210,493313
202607182026,e2e_trace_v3,1243,17293970595150562247,12427,guardian,output_pub,7236720907840,493210,493313
202607182026,e2e_trace_v3,1244,17293970595150562247,12428,guardian,proc_enter,7236730557344,493210,493307
202607182026,e2e_trace_v3,1245,17293970595150562247,12428,guardian,output_pub,7236730780832,493210,493307
202607182026,e2e_trace_v3,1246,17293970595150562248,12429,guardian,proc_enter,7236740530848,493210,493300
202607182026,e2e_trace_v3,1247,17293970595150562248,12429,guardian,output_pub,7236740701728,493210,493300
202607182026,e2e_trace_v3,1248,17293970595150562248,12430,guardian,proc_enter,7236750521536,493210,493301
202607182026,e2e_trace_v3,1249,17293970595150562248,12430,guardian,output_pub,7236750705120,493210,493301
202607182026,e2e_trace_v3,1250,17293970595150562248,12431,guardian,proc_enter,7236764638400,493210,493310
202607182026,e2e_trace_v3,1251,17293970595150562248,12431,guardian,output_pub,7236764854560,493210,493310
202607182026,e2e_trace_v3,1252,17293970595150562248,12432,guardian,proc_enter,7236770542816,493210,493301
202607182026,e2e_trace_v3,1253,17293970595150562248,12432,guardian,output_pub,7236770722688,493210,493301
202607182026,e2e_trace_v3,1254,17293970595150562248,12433,guardian,proc_enter,7236780559520,493210,493303
202607182026,e2e_trace_v3,1255,17293970595150562248,12433,guardian,output_pub,7236780796640,493210,493303
202607182026,e2e_trace_v3,1256,17293970595150562248,12434,guardian,proc_enter,7236790547424,493210,493310
202607182026,e2e_trace_v3,1257,17293970595150562248,12434,guardian,output_pub,7236790735136,493210,493310
202607182026,e2e_trace_v3,1258,17293970595150562248,12435,guardian,proc_enter,7236800526464,493210,493308
202607182026,e2e_trace_v3,1259,17293970595150562248,12435,guardian,output_pub,7236800681664,493210,493308
202607182026,e2e_trace_v3,1260,17293970595150562248,12436,guardian,proc_enter,7236810528928,493210,493311
202607182026,e2e_trace_v3,1261,17293970595150562248,12436,guardian,output_pub,7236810690496,493210,493311
202607182026,e2e_trace_v3,1262,17293970595150562248,12437,guardian,proc_enter,7236820537344,493210,493304
202607182026,e2e_trace_v3,1263,17293970595150562248,12437,guardian,output_pub,7236820654016,493210,493304
202607182026,e2e_trace_v3,1264,17293970595150562248,12438,guardian,proc_enter,7236830535008,493210,493313
202607182026,e2e_trace_v3,1265,17293970595150562248,12438,guardian,output_pub,7236830676736,493210,493313
202607182026,e2e_trace_v3,1266,17293970595150562248,12439,guardian,proc_enter,7236840552832,493210,493307
202607182026,e2e_trace_v3,1267,17293970595150562248,12439,guardian,output_pub,7236840707744,493210,493307
202607182026,e2e_trace_v3,1268,17293970595150562248,12440,guardian,proc_enter,7236850550944,493210,493303
202607182026,e2e_trace_v3,1269,17293970595150562248,12440,guardian,output_pub,7236850720032,493210,493303
202607182026,e2e_trace_v3,1270,17293970595150562248,12441,guardian,proc_enter,7236860513184,493210,493302
202607182026,e2e_trace_v3,1271,17293970595150562248,12441,guardian,output_pub,7236860659616,493210,493302
202607182026,e2e_trace_v3,1272,17293970595150562248,12442,guardian,proc_enter,7236870549664,493210,493305
202607182026,e2e_trace_v3,1273,17293970595150562248,12442,guardian,output_pub,7236870715712,493210,493305
202607182026,e2e_trace_v3,1274,17293970595150562248,12443,guardian,proc_enter,7236880550656,493210,493312
202607182026,e2e_trace_v3,1275,17293970595150562248,12443,guardian,output_pub,7236880741216,493210,493312
202607182026,e2e_trace_v3,1276,17293970595150562249,12444,guardian,proc_enter,7236890530400,493210,493311
202607182026,e2e_trace_v3,1277,17293970595150562249,12444,guardian,output_pub,7236890725888,493210,493311
202607182026,e2e_trace_v3,1278,17293970595150562249,12445,guardian,proc_enter,7236900532768,493210,493309
202607182026,e2e_trace_v3,1279,17293970595150562249,12445,guardian,output_pub,7236900705696,493210,493309
202607182026,e2e_trace_v3,1280,17293970595150562249,12446,guardian,proc_enter,7236910545888,493210,493307
202607182026,e2e_trace_v3,1281,17293970595150562249,12446,guardian,output_pub,7236910711040,493210,493307
202607182026,e2e_trace_v3,1282,17293970595150562249,12447,guardian,proc_enter,7236920539744,493210,493306
202607182026,e2e_trace_v3,1283,17293970595150562249,12447,guardian,output_pub,7236920644352,493210,493306
202607182026,e2e_trace_v3,1284,17293970595150562249,12448,guardian,proc_enter,7236930514272,493210,493302
202607182026,e2e_trace_v3,1285,17293970595150562249,12448,guardian,output_pub,7236930611552,493210,493302
202607182026,e2e_trace_v3,1286,17293970595150562249,12449,guardian,proc_enter,7236940535424,493210,493306
202607182026,e2e_trace_v3,1287,17293970595150562249,12449,guardian,output_pub,7236940639776,493210,493306
202607182026,e2e_trace_v3,1288,17293970595150562249,12450,guardian,proc_enter,7236950545856,493210,493300
202607182026,e2e_trace_v3,1289,17293970595150562249,12450,guardian,output_pub,7236950718752,493210,493300
202607182026,e2e_trace_v3,1290,17293970595150562249,12451,guardian,proc_enter,7236960555744,493210,493311
202607182026,e2e_trace_v3,1291,17293970595150562249,12451,guardian,output_pub,7236960745696,493210,493311
202607182026,e2e_trace_v3,1292,17293970595150562249,12452,guardian,proc_enter,7236972582496,493210,493311
202607182026,e2e_trace_v3,1293,17293970595150562249,12452,guardian,output_pub,7236972755680,493210,493311
202607182026,e2e_trace_v3,1294,17293970595150562249,12453,guardian,proc_enter,7236980564768,493210,493300
202607182026,e2e_trace_v3,1295,17293970595150562249,12453,guardian,output_pub,7236980747296,493210,493300
202607182026,e2e_trace_v3,1296,17293970595150562249,12454,guardian,proc_enter,7236990610336,493210,493310
202607182026,e2e_trace_v3,1297,17293970595150562249,12454,guardian,output_pub,7236990787264,493210,493310
202607182026,e2e_trace_v3,1298,17293970595150562249,12455,guardian,proc_enter,7237000602944,493210,493313
202607182026,e2e_trace_v3,1299,17293970595150562249,12455,guardian,output_pub,7237000788128,493210,493313
202607182026,e2e_trace_v3,1300,17293970595150562249,12456,guardian,proc_enter,7237010579808,493210,493300
202607182026,e2e_trace_v3,1301,17293970595150562249,12456,guardian,output_pub,7237010755584,493210,493300
202607182026,e2e_trace_v3,1302,17293970595150562249,12457,guardian,proc_enter,7237020588672,493210,493313
202607182026,e2e_trace_v3,1303,17293970595150562249,12457,guardian,output_pub,7237020807200,493210,493313
202607182026,e2e_trace_v3,1304,17293970595150562250,12458,guardian,proc_enter,7237030616864,493210,493301
202607182026,e2e_trace_v3,1305,17293970595150562250,12458,guardian,output_pub,7237030756512,493210,493301
202607182026,e2e_trace_v3,1306,17293970595150562250,12459,guardian,proc_enter,7237040605088,493210,493306
202607182026,e2e_trace_v3,1307,17293970595150562250,12459,guardian,output_pub,7237040792032,493210,493306
202607182026,e2e_trace_v3,1308,17293970595150562250,12460,guardian,proc_enter,7237050654592,493210,493305
202607182026,e2e_trace_v3,1309,17293970595150562250,12460,guardian,output_pub,7237050777248,493210,493305
202607182026,e2e_trace_v3,1310,17293970595150562250,12461,guardian,proc_enter,7237060593472,493210,493301
202607182026,e2e_trace_v3,1311,17293970595150562250,12461,guardian,output_pub,7237060682112,493210,493301
202607182026,e2e_trace_v3,1312,17293970595150562250,12462,guardian,proc_enter,7237070602208,493210,493311
202607182026,e2e_trace_v3,1313,17293970595150562250,12462,guardian,output_pub,7237070728192,493210,493311
202607182026,e2e_trace_v3,1314,17293970595150562250,12463,guardian,proc_enter,7237080578112,493210,493304
202607182026,e2e_trace_v3,1315,17293970595150562250,12463,guardian,output_pub,7237080688544,493210,493304
202607182026,e2e_trace_v3,1316,17293970595150562250,12464,guardian,proc_enter,7237090617792,493210,493308
202607182026,e2e_trace_v3,1317,17293970595150562250,12464,guardian,output_pub,7237090770176,493210,493308
202607182026,e2e_trace_v3,1318,17293970595150562250,12465,guardian,proc_enter,7237100595680,493210,493313
202607182026,e2e_trace_v3,1319,17293970595150562250,12465,guardian,output_pub,7237100778240,493210,493313
202607182026,e2e_trace_v3,1320,17293970595150562250,12466,guardian,proc_enter,7237110576480,493210,493310
202607182026,e2e_trace_v3,1321,17293970595150562250,12466,guardian,output_pub,7237110742176,493210,493310
202607182026,e2e_trace_v3,1322,17293970595150562250,12467,guardian,proc_enter,7237120575648,493210,493314
202607182026,e2e_trace_v3,1323,17293970595150562250,12467,guardian,output_pub,7237120731392,493210,493314
202607182026,e2e_trace_v3,1324,17293970595150562250,12468,guardian,proc_enter,7237130549280,493210,493306
202607182026,e2e_trace_v3,1325,17293970595150562250,12468,guardian,output_pub,7237130811200,493210,493306
202607182026,e2e_trace_v3,1326,17293970595150562250,12469,guardian,proc_enter,7237140622208,493210,493314
202607182026,e2e_trace_v3,1327,17293970595150562250,12469,guardian,output_pub,7237140801696,493210,493314
202607182026,e2e_trace_v3,1328,17293970595150562250,12470,guardian,proc_enter,7237150595232,493210,493301
202607182026,e2e_trace_v3,1329,17293970595150562250,12470,guardian,output_pub,7237150755744,493210,493301
202607182026,e2e_trace_v3,1330,17293970595150562250,12471,guardian,proc_enter,7237160627744,493210,493300
202607182026,e2e_trace_v3,1331,17293970595150562250,12471,guardian,output_pub,7237160778048,493210,493300
202607182026,e2e_trace_v3,1332,17293970595150562250,12472,guardian,proc_enter,7237170538368,493210,493302
202607182026,e2e_trace_v3,1333,17293970595150562250,12472,guardian,output_pub,7237170643264,493210,493302
202607182026,e2e_trace_v3,1334,17293970595150562250,12473,guardian,proc_enter,7237180565504,493210,493310
202607182026,e2e_trace_v3,1335,17293970595150562250,12473,guardian,output_pub,7237180664640,493210,493310
202607182026,e2e_trace_v3,1336,17293970595150562250,12474,guardian,proc_enter,7237190581344,493210,493299
202607182026,e2e_trace_v3,1337,17293970595150562250,12474,guardian,output_pub,7237190678464,493210,493299
202607182026,e2e_trace_v3,1338,17293970595150562250,12475,guardian,proc_enter,7237200537024,493210,493304
202607182026,e2e_trace_v3,1339,17293970595150562250,12475,guardian,output_pub,7237200623776,493210,493304
202607182026,e2e_trace_v3,1340,17293970595150562251,12476,guardian,proc_enter,7237210542816,493210,493310
202607182026,e2e_trace_v3,1341,17293970595150562251,12476,guardian,output_pub,7237210646336,493210,493310
202607182026,e2e_trace_v3,1342,17293970595150562251,12477,guardian,proc_enter,7237220559680,493210,493311
202607182026,e2e_trace_v3,1343,17293970595150562251,12477,guardian,output_pub,7237220642816,493210,493311
202607182026,e2e_trace_v3,1344,17293970595150562251,12478,guardian,proc_enter,7237230543648,493210,493304
202607182026,e2e_trace_v3,1345,17293970595150562251,12478,guardian,output_pub,7237230640224,493210,493304
202607182026,e2e_trace_v3,1346,17293970595150562251,12479,guardian,proc_enter,7237240561088,493210,493306
202607182026,e2e_trace_v3,1347,17293970595150562251,12479,guardian,output_pub,7237240665152,493210,493306
202607182026,e2e_trace_v3,1348,17293970595150562251,12480,guardian,proc_enter,7237250522752,493210,493312
202607182026,e2e_trace_v3,1349,17293970595150562251,12480,guardian,output_pub,7237250624224,493210,493312
202607182026,e2e_trace_v3,1350,17293970595150562251,12481,guardian,proc_enter,7237260577152,493210,493304
202607182026,e2e_trace_v3,1351,17293970595150562251,12481,guardian,output_pub,7237260703776,493210,493304
202607182026,e2e_trace_v3,1352,17293970595150562251,12482,guardian,proc_enter,7237270573568,493210,493314
202607182026,e2e_trace_v3,1353,17293970595150562251,12482,guardian,output_pub,7237270655744,493210,493314
202607182026,e2e_trace_v3,1354,17293970595150562251,12483,guardian,proc_enter,7237280547136,493210,493303
202607182026,e2e_trace_v3,1355,17293970595150562251,12483,guardian,output_pub,7237280681280,493210,493303
202607182026,e2e_trace_v3,1356,17293970595150562251,12484,guardian,proc_enter,7237291650912,493210,493309
202607182026,e2e_trace_v3,1357,17293970595150562251,12484,guardian,output_pub,7237291775136,493210,493309
202607182026,e2e_trace_v3,1358,17293970595150562252,12485,guardian,proc_enter,7237298521536,493210,493305
202607182026,e2e_trace_v3,1359,17293970595150562252,12485,guardian,output_pub,7237298618592,493210,493305
202607182026,e2e_trace_v3,1360,17293970595150562252,12486,guardian,proc_enter,7237310539136,493210,493314
202607182026,e2e_trace_v3,1361,17293970595150562252,12486,guardian,output_pub,7237310649472,493210,493314
202607182026,e2e_trace_v3,1362,17293970595150562252,12487,guardian,proc_enter,7237320565728,493210,493309
202607182026,e2e_trace_v3,1363,17293970595150562252,12487,guardian,output_pub,7237320673408,493210,493309
202607182026,e2e_trace_v3,1364,17293970595150562252,12488,guardian,proc_enter,7237330524992,493210,493312
202607182026,e2e_trace_v3,1365,17293970595150562252,12488,guardian,output_pub,7237330632480,493210,493312
202607182026,e2e_trace_v3,1366,17293970595150562252,12489,guardian,proc_enter,7237340580224,493210,493305
202607182026,e2e_trace_v3,1367,17293970595150562252,12489,guardian,output_pub,7237340697824,493210,493305
202607182026,e2e_trace_v3,1368,17293970595150562252,12490,guardian,proc_enter,7237350566784,493210,493310
202607182026,e2e_trace_v3,1369,17293970595150562252,12490,guardian,output_pub,7237350693504,493210,493310
202607182026,e2e_trace_v3,1370,17293970595150562252,12491,guardian,proc_enter,7237360576736,493210,493304
202607182026,e2e_trace_v3,1371,17293970595150562252,12491,guardian,output_pub,7237360693152,493210,493304
202607182026,e2e_trace_v3,1372,17293970595150562252,12492,guardian,proc_enter,7237370585600,493210,493303
202607182026,e2e_trace_v3,1373,17293970595150562252,12492,guardian,output_pub,7237370709024,493210,493303
202607182026,e2e_trace_v3,1374,17293970595150562253,12493,guardian,proc_enter,7237380581632,493210,493304
202607182026,e2e_trace_v3,1375,17293970595150562253,12493,guardian,output_pub,7237380712768,493210,493304
202607182026,e2e_trace_v3,1376,17293970595150562253,12494,guardian,proc_enter,7237390576576,493210,493303
202607182026,e2e_trace_v3,1377,17293970595150562253,12494,guardian,output_pub,7237390692576,493210,493303
202607182026,e2e_trace_v3,1378,17293970595150562253,12495,guardian,proc_enter,7237400606656,493210,493307
202607182026,e2e_trace_v3,1379,17293970595150562253,12495,guardian,output_pub,7237400718752,493210,493307
202607182026,e2e_trace_v3,1380,17293970595150562253,12496,guardian,proc_enter,7237414059264,493210,493302
202607182026,e2e_trace_v3,1381,17293970595150562253,12496,guardian,output_pub,7237414219904,493210,493302
202607182026,e2e_trace_v3,1382,17293970595150562253,12497,guardian,proc_enter,7237420067552,493210,493307
202607182026,e2e_trace_v3,1383,17293970595150562253,12497,guardian,output_pub,7237420170464,493210,493307
202607182026,e2e_trace_v3,1384,17293970595150562253,12498,guardian,proc_enter,7237430075392,493210,493313
202607182026,e2e_trace_v3,1385,17293970595150562253,12498,guardian,output_pub,7237430191616,493210,493313
202607182026,e2e_trace_v3,1386,17293970595150562253,12499,guardian,proc_enter,7237440067136,493210,493310
202607182026,e2e_trace_v3,1387,17293970595150562253,12499,guardian,output_pub,7237440169088,493210,493310
202607182026,e2e_trace_v3,1388,17293970595150562253,12500,guardian,proc_enter,7237450062272,493210,493305
202607182026,e2e_trace_v3,1389,17293970595150562253,12500,guardian,output_pub,7237450171776,493210,493305
202607182026,e2e_trace_v3,1390,17293970595150562254,12501,guardian,proc_enter,7237460070336,493210,493304
202607182026,e2e_trace_v3,1391,17293970595150562254,12501,guardian,output_pub,7237460209664,493210,493304
202607182026,e2e_trace_v3,1392,17293970595150562254,12502,guardian,proc_enter,7237470060224,493210,493299
202607182026,e2e_trace_v3,1393,17293970595150562254,12502,guardian,output_pub,7237470178592,493210,493299
202607182026,e2e_trace_v3,1394,17293970595150562254,12503,guardian,proc_enter,7237480065888,493210,493302
202607182026,e2e_trace_v3,1395,17293970595150562254,12503,guardian,output_pub,7237480162368,493210,493302
202607182026,e2e_trace_v3,1396,17293970595150562254,12504,guardian,proc_enter,7237490058304,493210,493310
202607182026,e2e_trace_v3,1397,17293970595150562254,12504,guardian,output_pub,7237490148544,493210,493310
202607182026,e2e_trace_v3,1398,17293970595150562254,12505,guardian,proc_enter,7237500048576,493210,493302
202607182026,e2e_trace_v3,1399,17293970595150562254,12505,guardian,output_pub,7237500279456,493210,493302
202607182026,e2e_trace_v3,1400,17293970595150562254,12506,guardian,proc_enter,7237510082272,493210,493309
202607182026,e2e_trace_v3,1401,17293970595150562254,12506,guardian,output_pub,7237510177440,493210,493309
202607182026,e2e_trace_v3,1402,17293970595150562254,12507,guardian,proc_enter,7237520097216,493210,493299
202607182026,e2e_trace_v3,1403,17293970595150562254,12507,guardian,output_pub,7237520546176,493210,493299
202607182026,e2e_trace_v3,1404,17293970595150562254,12508,guardian,proc_enter,7237532458624,493210,493314
202607182026,e2e_trace_v3,1405,17293970595150562254,12508,guardian,output_pub,7237532586944,493210,493314
202607182026,e2e_trace_v3,1406,17293970595150562254,12509,guardian,proc_enter,7237540440576,493210,493308
202607182026,e2e_trace_v3,1407,17293970595150562254,12509,guardian,output_pub,7237540562016,493210,493308
202607182026,e2e_trace_v3,1408,17293970595150562254,12510,guardian,proc_enter,7237550449088,493210,493311
202607182026,e2e_trace_v3,1409,17293970595150562254,12510,guardian,output_pub,7237550552128,493210,493311
202607182026,e2e_trace_v3,1410,17293970595150562255,12511,guardian,proc_enter,7237560455872,493210,493310
202607182026,e2e_trace_v3,1411,17293970595150562255,12511,guardian,output_pub,7237560576800,493210,493310
202607182026,e2e_trace_v3,1412,17293970595150562255,12512,guardian,proc_enter,7237570430976,493210,493302
202607182026,e2e_trace_v3,1413,17293970595150562255,12512,guardian,output_pub,7237570521216,493210,493302
202607182026,e2e_trace_v3,1414,17293970595150562255,12513,guardian,proc_enter,7237580464416,493210,493300
202607182026,e2e_trace_v3,1415,17293970595150562255,12513,guardian,output_pub,7237580594624,493210,493300
202607182026,e2e_trace_v3,1416,17293970595150562255,12514,guardian,proc_enter,7237590462976,493210,493305
202607182026,e2e_trace_v3,1417,17293970595150562255,12514,guardian,output_pub,7237590558048,493210,493305
202607182026,e2e_trace_v3,1418,17293970595150562255,12515,guardian,proc_enter,7237600435104,493210,493303
202607182026,e2e_trace_v3,1419,17293970595150562255,12515,guardian,output_pub,7237600544896,493210,493303
202607182026,e2e_trace_v3,1420,17293970595150562255,12516,guardian,proc_enter,7237610495104,493210,493309
202607182026,e2e_trace_v3,1421,17293970595150562255,12516,guardian,output_pub,7237610638944,493210,493309
202607182026,e2e_trace_v3,1422,17293970595150562255,12517,guardian,proc_enter,7237620465888,493210,493312
202607182026,e2e_trace_v3,1423,17293970595150562255,12517,guardian,output_pub,7237620590272,493210,493312
202607182026,e2e_trace_v3,1424,17293970595150562255,12518,guardian,proc_enter,7237630475648,493210,493313
202607182026,e2e_trace_v3,1425,17293970595150562255,12518,guardian,output_pub,7237630568736,493210,493313
202607182026,e2e_trace_v3,1426,17293970595150562255,12519,guardian,proc_enter,7237640413280,493210,493305
202607182026,e2e_trace_v3,1427,17293970595150562255,12519,guardian,output_pub,7237640527840,493210,493305
202607182026,e2e_trace_v3,1428,17293970595150562255,12520,guardian,proc_enter,7237650439296,493210,493303
202607182026,e2e_trace_v3,1429,17293970595150562255,12520,guardian,output_pub,7237650555840,493210,493303
202607182026,e2e_trace_v3,1430,17293970595150562255,12521,guardian,proc_enter,7237660470656,493210,493307
202607182026,e2e_trace_v3,1431,17293970595150562255,12521,guardian,output_pub,7237660600448,493210,493307
202607182026,e2e_trace_v3,1432,17293970595150562256,12522,guardian,proc_enter,7237670445408,493210,493313
202607182026,e2e_trace_v3,1433,17293970595150562256,12522,guardian,output_pub,7237670533856,493210,493313
202607182026,e2e_trace_v3,1434,17293970595150562256,12523,guardian,proc_enter,7237680447424,493210,493307
202607182026,e2e_trace_v3,1435,17293970595150562256,12523,guardian,output_pub,7237680569184,493210,493307
202607182026,e2e_trace_v3,1436,17293970595150562256,12524,guardian,proc_enter,7237690444896,493210,493304
202607182026,e2e_trace_v3,1437,17293970595150562256,12524,guardian,output_pub,7237690611296,493210,493304
202607182026,e2e_trace_v3,1438,17293970595150562256,12525,guardian,proc_enter,7237700460032,493210,493311
202607182026,e2e_trace_v3,1439,17293970595150562256,12525,guardian,output_pub,7237700568448,493210,493311
202607182026,e2e_trace_v3,1440,17293970595150562256,12526,guardian,proc_enter,7237710474208,493210,493305
202607182026,e2e_trace_v3,1441,17293970595150562256,12526,guardian,output_pub,7237710594048,493210,493305
202607182026,e2e_trace_v3,1442,17293970595150562256,12527,guardian,proc_enter,7237720480160,493210,493313
202607182026,e2e_trace_v3,1443,17293970595150562256,12527,guardian,output_pub,7237720629600,493210,493313
202607182026,e2e_trace_v3,1444,17293970595150562256,12528,guardian,proc_enter,7237730485888,493210,493303
202607182026,e2e_trace_v3,1445,17293970595150562256,12528,guardian,output_pub,7237730642528,493210,493303
202607182026,e2e_trace_v3,1446,17293970595150562256,12529,guardian,proc_enter,7237740486976,493210,493308
202607182026,e2e_trace_v3,1447,17293970595150562256,12529,guardian,output_pub,7237740633984,493210,493308
202607182026,e2e_trace_v3,1448,17293970595150562256,12530,guardian,proc_enter,7237750523424,493210,493314
202607182026,e2e_trace_v3,1449,17293970595150562256,12530,guardian,output_pub,7237750689664,493210,493314
202607182026,e2e_trace_v3,1450,17293970595150562256,12531,guardian,proc_enter,7237760483744,493210,493311
202607182026,e2e_trace_v3,1451,17293970595150562256,12531,guardian,output_pub,7237760746080,493210,493311
202607182026,e2e_trace_v3,1452,17293970595150562256,12532,guardian,proc_enter,7237770492256,493210,493314
202607182026,e2e_trace_v3,1453,17293970595150562256,12532,guardian,output_pub,7237770661216,493210,493314
202607182026,e2e_trace_v3,1454,17293970595150562256,12533,guardian,proc_enter,7237780474432,493210,493311
202607182026,e2e_trace_v3,1455,17293970595150562256,12533,guardian,output_pub,7237780594400,493210,493311
202607182026,e2e_trace_v3,1456,17293970595150562257,12534,guardian,proc_enter,7237790471232,493210,493301
202607182026,e2e_trace_v3,1457,17293970595150562257,12534,guardian,output_pub,7237790664192,493210,493301
202607182026,e2e_trace_v3,1458,17293970595150562257,12535,guardian,proc_enter,7237800421024,493210,493309
202607182026,e2e_trace_v3,1459,17293970595150562257,12535,guardian,output_pub,7237800539360,493210,493309
202607182026,e2e_trace_v3,1460,17293970595150562257,12536,guardian,proc_enter,7237810468480,493210,493309
202607182026,e2e_trace_v3,1461,17293970595150562257,12536,guardian,output_pub,7237810574208,493210,493309
202607182026,e2e_trace_v3,1462,17293970595150562257,12537,guardian,proc_enter,7237820463200,493210,493303
202607182026,e2e_trace_v3,1463,17293970595150562257,12537,guardian,output_pub,7237820564448,493210,493303
202607182026,e2e_trace_v3,1464,17293970595150562257,12538,guardian,proc_enter,7237830462304,493210,493310
202607182026,e2e_trace_v3,1465,17293970595150562257,12538,guardian,output_pub,7237830642464,493210,493310
202607182026,e2e_trace_v3,1466,17293970595150562257,12539,guardian,proc_enter,7237840458944,493210,493300
202607182026,e2e_trace_v3,1467,17293970595150562257,12539,guardian,output_pub,7237840653568,493210,493300
202607182026,e2e_trace_v3,1468,17293970595150562257,12540,guardian,proc_enter,7237856719712,493210,493312
202607182026,e2e_trace_v3,1469,17293970595150562257,12540,guardian,output_pub,7237856872672,493210,493312
202607182026,e2e_trace_v3,1470,17293970595150562257,12541,guardian,proc_enter,7237860692512,493210,493307
202607182026,e2e_trace_v3,1471,17293970595150562257,12541,guardian,output_pub,7237860775552,493210,493307
202607182026,e2e_trace_v3,1472,17293970595150562257,12542,guardian,proc_enter,7237870484896,493210,493312
202607182026,e2e_trace_v3,1473,17293970595150562257,12542,guardian,output_pub,7237870639200,493210,493312
202607182026,e2e_trace_v3,1474,17293970595150562257,12543,guardian,proc_enter,7237880492672,493210,493307
202607182026,e2e_trace_v3,1475,17293970595150562257,12543,guardian,output_pub,7237880575424,493210,493307
202607182026,e2e_trace_v3,1476,17293970595150562257,12544,guardian,proc_enter,7237890471872,493210,493300
202607182026,e2e_trace_v3,1477,17293970595150562257,12544,guardian,output_pub,7237890640448,493210,493300
202607182026,e2e_trace_v3,1478,17293970595150562257,12545,guardian,proc_enter,7237900534112,493210,493305
202607182026,e2e_trace_v3,1479,17293970595150562257,12545,guardian,output_pub,7237900712032,493210,493305
202607182026,e2e_trace_v3,1480,17293970595150562258,12546,guardian,proc_enter,7237910497760,493210,493312
202607182026,e2e_trace_v3,1481,17293970595150562258,12546,guardian,output_pub,7237910654016,493210,493312
202607182026,e2e_trace_v3,1482,17293970595150562258,12547,guardian,proc_enter,7237920486016,493210,493302
202607182026,e2e_trace_v3,1483,17293970595150562258,12547,guardian,output_pub,7237920593408,493210,493302
202607182026,e2e_trace_v3,1484,17293970595150562258,12548,guardian,proc_enter,7237930477664,493210,493303
202607182026,e2e_trace_v3,1485,17293970595150562258,12548,guardian,output_pub,7237930603840,493210,493303
202607182026,e2e_trace_v3,1486,17293970595150562258,12549,guardian,proc_enter,7237940497344,493210,493302
202607182026,e2e_trace_v3,1487,17293970595150562258,12549,guardian,output_pub,7237940611264,493210,493302
202607182026,e2e_trace_v3,1488,17293970595150562258,12550,guardian,proc_enter,7237950545248,493210,493303
202607182026,e2e_trace_v3,1489,17293970595150562258,12550,guardian,output_pub,7237950703872,493210,493303
202607182026,e2e_trace_v3,1490,17293970595150562258,12551,guardian,proc_enter,7237960509664,493210,493306
202607182026,e2e_trace_v3,1491,17293970595150562258,12551,guardian,output_pub,7237960720800,493210,493306
202607182026,e2e_trace_v3,1492,17293970595150562258,12552,guardian,proc_enter,7237970543136,493210,493304
202607182026,e2e_trace_v3,1493,17293970595150562258,12552,guardian,output_pub,7237970733952,493210,493304
202607182026,e2e_trace_v3,1494,17293970595150562258,12553,guardian,proc_enter,7237980513664,493210,493303
202607182026,e2e_trace_v3,1495,17293970595150562258,12553,guardian,output_pub,7237980614112,493210,493303
202607182026,e2e_trace_v3,1496,17293970595150562258,12554,guardian,proc_enter,7237990468672,493210,493306
202607182026,e2e_trace_v3,1497,17293970595150562258,12554,guardian,output_pub,7237990669152,493210,493306
202607182026,e2e_trace_v3,1498,17293970595150562258,12555,guardian,proc_enter,7238000505856,493210,493304
202607182026,e2e_trace_v3,1499,17293970595150562258,12555,guardian,output_pub,7238000711488,493210,493304
202607182026,e2e_trace_v3,1500,17293970595150562258,12556,guardian,proc_enter,7238010494336,493210,493305
202607182026,e2e_trace_v3,1501,17293970595150562258,12556,guardian,output_pub,7238010687808,493210,493305
202607182026,e2e_trace_v3,1502,17293970595150562258,12557,guardian,proc_enter,7238020486944,493210,493307
202607182026,e2e_trace_v3,1503,17293970595150562258,12557,guardian,output_pub,7238020592352,493210,493307
202607182026,e2e_trace_v3,1504,17293970595150562258,12558,guardian,proc_enter,7238030481280,493210,493314
202607182026,e2e_trace_v3,1505,17293970595150562258,12558,guardian,output_pub,7238030579424,493210,493314
202607182026,e2e_trace_v3,1506,17293970595150562259,12559,guardian,proc_enter,7238040468256,493210,493309
202607182026,e2e_trace_v3,1507,17293970595150562259,12559,guardian,output_pub,7238040597664,493210,493309
202607182026,e2e_trace_v3,1508,17293970595150562259,12560,guardian,proc_enter,7238050502432,493210,493306
202607182026,e2e_trace_v3,1509,17293970595150562259,12560,guardian,output_pub,7238050712032,493210,493306
202607182026,e2e_trace_v3,1510,17293970595150562259,12561,guardian,proc_enter,7238060506272,493210,493300
202607182026,e2e_trace_v3,1511,17293970595150562259,12561,guardian,output_pub,7238060699616,493210,493300
202607182026,e2e_trace_v3,1512,17293970595150562259,12562,guardian,proc_enter,7238070510784,493210,493307
202607182026,e2e_trace_v3,1513,17293970595150562259,12562,guardian,output_pub,7238070612512,493210,493307
202607182026,e2e_trace_v3,1514,17293970595150562259,12563,guardian,proc_enter,7238080519648,493210,493308
202607182026,e2e_trace_v3,1515,17293970595150562259,12563,guardian,output_pub,7238080670624,493210,493308
202607182026,e2e_trace_v3,1516,17293970595150562259,12564,guardian,proc_enter,7238090494400,493210,493302
202607182026,e2e_trace_v3,1517,17293970595150562259,12564,guardian,output_pub,7238090596000,493210,493302
202607182026,e2e_trace_v3,1518,17293970595150562259,12565,guardian,proc_enter,7238100481760,493210,493313
202607182026,e2e_trace_v3,1519,17293970595150562259,12565,guardian,output_pub,7238100589600,493210,493313
202607182026,e2e_trace_v3,1520,17293970595150562259,12566,guardian,proc_enter,7238110481728,493210,493302
202607182026,e2e_trace_v3,1521,17293970595150562259,12566,guardian,output_pub,7238110607712,493210,493302
202607182026,e2e_trace_v3,1522,17293970595150562259,12567,guardian,proc_enter,7238120482560,493210,493309
202607182026,e2e_trace_v3,1523,17293970595150562259,12567,guardian,output_pub,7238120579616,493210,493309
202607182026,e2e_trace_v3,1524,17293970595150562259,12568,guardian,proc_enter,7238130515808,493210,493306
202607182026,e2e_trace_v3,1525,17293970595150562259,12568,guardian,output_pub,7238130693984,493210,493306
202607182026,e2e_trace_v3,1526,17293970595150562260,12569,guardian,proc_enter,7238140484832,493210,493304
202607182026,e2e_trace_v3,1527,17293970595150562260,12569,guardian,output_pub,7238140667840,493210,493304
202607182026,e2e_trace_v3,1528,17293970595150562260,12570,guardian,proc_enter,7238150473344,493210,493300
202607182026,e2e_trace_v3,1529,17293970595150562260,12570,guardian,output_pub,7238150632640,493210,493300
202607182026,e2e_trace_v3,1530,17293970595150562260,12571,guardian,proc_enter,7238160576032,493210,493302
202607182026,e2e_trace_v3,1531,17293970595150562260,12571,guardian,output_pub,7238161036800,493210,493302
202607182026,e2e_trace_v3,1532,17293970595150562260,12572,guardian,proc_enter,7238170516224,493210,493311
202607182026,e2e_trace_v3,1533,17293970595150562260,12572,guardian,output_pub,7238170634400,493210,493311
202607182026,e2e_trace_v3,1534,17293970595150562260,12573,guardian,proc_enter,7238180501568,493210,493305
202607182026,e2e_trace_v3,1535,17293970595150562260,12573,guardian,output_pub,7238180624640,493210,493305
202607182026,e2e_trace_v3,1536,17293970595150562260,12574,guardian,proc_enter,7238190481792,493210,493304
202607182026,e2e_trace_v3,1537,17293970595150562260,12574,guardian,output_pub,7238190603168,493210,493304
202607182026,e2e_trace_v3,1538,17293970595150562260,12575,guardian,proc_enter,7238200475168,493210,493301
202607182026,e2e_trace_v3,1539,17293970595150562260,12575,guardian,output_pub,7238200622400,493210,493301
202607182026,e2e_trace_v3,1540,17293970595150562260,12576,guardian,proc_enter,7238210411488,493210,493305
202607182026,e2e_trace_v3,1541,17293970595150562260,12576,guardian,output_pub,7238210503648,493210,493305
202607182026,e2e_trace_v3,1542,17293970595150562260,12577,guardian,proc_enter,7238220457760,493210,493306
202607182026,e2e_trace_v3,1543,17293970595150562260,12577,guardian,output_pub,7238220541472,493210,493306
202607182026,e2e_trace_v3,1544,17293970595150562260,12578,guardian,proc_enter,7238230439456,493210,493305
202607182026,e2e_trace_v3,1545,17293970595150562260,12578,guardian,output_pub,7238230560256,493210,493305
202607182026,e2e_trace_v3,1546,17293970595150562261,12579,guardian,proc_enter,7238240416832,493210,493306
202607182026,e2e_trace_v3,1547,17293970595150562261,12579,guardian,output_pub,7238240510432,493210,493306
202607182026,e2e_trace_v3,1548,17293970595150562261,12580,guardian,proc_enter,7238250470496,493210,493307
202607182026,e2e_trace_v3,1549,17293970595150562261,12580,guardian,output_pub,7238250611040,493210,493307
202607182026,e2e_trace_v3,1550,17293970595150562261,12581,guardian,proc_enter,7238260476832,493210,493311
202607182026,e2e_trace_v3,1551,17293970595150562261,12581,guardian,output_pub,7238260612736,493210,493311
202607182026,e2e_trace_v3,1552,17293970595150562261,12582,guardian,proc_enter,7238270431072,493210,493309
202607182026,e2e_trace_v3,1553,17293970595150562261,12582,guardian,output_pub,7238270553888,493210,493309
202607182026,e2e_trace_v3,1554,17293970595150562261,12583,guardian,proc_enter,7238280485984,493210,493305
202607182026,e2e_trace_v3,1555,17293970595150562261,12583,guardian,output_pub,7238280592032,493210,493305
202607182026,e2e_trace_v3,1556,17293970595150562261,12584,guardian,proc_enter,7238290452320,493210,493312
202607182026,e2e_trace_v3,1557,17293970595150562261,12584,guardian,output_pub,7238290619584,493210,493312
202607182026,e2e_trace_v3,1558,17293970595150562261,12585,guardian,proc_enter,7238300447520,493210,493305
202607182026,e2e_trace_v3,1559,17293970595150562261,12585,guardian,output_pub,7238300551264,493210,493305
202607182026,e2e_trace_v3,1560,17293970595150562261,12586,guardian,proc_enter,7238310465056,493210,493302
202607182026,e2e_trace_v3,1561,17293970595150562261,12586,guardian,output_pub,7238310567104,493210,493302
202607182026,e2e_trace_v3,1562,17293970595150562261,12587,guardian,proc_enter,7238320443104,493210,493310
202607182026,e2e_trace_v3,1563,17293970595150562261,12587,guardian,output_pub,7238320536640,493210,493310
202607182026,e2e_trace_v3,1564,17293970595150562261,12588,guardian,proc_enter,7238330457312,493210,493313
202607182026,e2e_trace_v3,1565,17293970595150562261,12588,guardian,output_pub,7238330537728,493210,493313
202607182026,e2e_trace_v3,1566,17293970595150562262,12589,guardian,proc_enter,7238340467104,493210,493311
202607182026,e2e_trace_v3,1567,17293970595150562262,12589,guardian,output_pub,7238340582368,493210,493311
202607182026,e2e_trace_v3,1568,17293970595150562262,12590,guardian,proc_enter,7238350453312,493210,493301
202607182026,e2e_trace_v3,1569,17293970595150562262,12590,guardian,output_pub,7238350540992,493210,493301
202607182026,e2e_trace_v3,1570,17293970595150562262,12591,guardian,proc_enter,7238360467360,493210,493308
202607182026,e2e_trace_v3,1571,17293970595150562262,12591,guardian,output_pub,7238360587264,493210,493308
202607182026,e2e_trace_v3,1572,17293970595150562262,12592,guardian,proc_enter,7238370461632,493210,493314
202607182026,e2e_trace_v3,1573,17293970595150562262,12592,guardian,output_pub,7238370576864,493210,493314
202607182026,e2e_trace_v3,1574,17293970595150562262,12593,guardian,proc_enter,7238380461824,493210,493302
202607182026,e2e_trace_v3,1575,17293970595150562262,12593,guardian,output_pub,7238380569728,493210,493302
202607182026,e2e_trace_v3,1576,17293970595150562262,12594,guardian,proc_enter,7238390480288,493210,493307
202607182026,e2e_trace_v3,1577,17293970595150562262,12594,guardian,output_pub,7238390623808,493210,493307
202607182026,e2e_trace_v3,1578,17293970595150562262,12595,guardian,proc_enter,7238400493344,493210,493310
202607182026,e2e_trace_v3,1579,17293970595150562262,12595,guardian,output_pub,7238400648096,493210,493310
202607182026,e2e_trace_v3,1580,17293970595150562262,12596,guardian,proc_enter,7238412460544,493210,493312
202607182026,e2e_trace_v3,1581,17293970595150562262,12596,guardian,output_pub,7238412577152,493210,493312
202607182026,e2e_trace_v3,1582,17293970595150562262,12597,guardian,proc_enter,7238420495712,493210,493301
202607182026,e2e_trace_v3,1583,17293970595150562262,12597,guardian,output_pub,7238420650624,493210,493301
202607182026,e2e_trace_v3,1584,17293970595150562262,12598,guardian,proc_enter,7238430500448,493210,493307
202607182026,e2e_trace_v3,1585,17293970595150562262,12598,guardian,output_pub,7238430631648,493210,493307
202607182026,e2e_trace_v3,1586,17293970595150562262,12599,guardian,proc_enter,7238440486656,493210,493300
202607182026,e2e_trace_v3,1587,17293970595150562262,12599,guardian,output_pub,7238440613248,493210,493300
202607182026,e2e_trace_v3,1588,17293970595150562262,12600,guardian,proc_enter,7238450514368,493210,493309
202607182026,e2e_trace_v3,1589,17293970595150562262,12600,guardian,output_pub,7238450640096,493210,493309
202607182026,e2e_trace_v3,1590,17293970595150562262,12601,guardian,proc_enter,7238460494432,493210,493304
202607182026,e2e_trace_v3,1591,17293970595150562262,12601,guardian,output_pub,7238460628544,493210,493304
202607182026,e2e_trace_v3,1592,17293970595150562263,12602,guardian,proc_enter,7238470493152,493210,493308
202607182026,e2e_trace_v3,1593,17293970595150562263,12602,guardian,output_pub,7238470640992,493210,493308
202607182026,e2e_trace_v3,1594,17293970595150562263,12603,guardian,proc_enter,7238480493152,493210,493299
202607182026,e2e_trace_v3,1595,17293970595150562263,12603,guardian,output_pub,7238480650816,493210,493299
202607182026,e2e_trace_v3,1596,17293970595150562263,12604,guardian,proc_enter,7238490488224,493210,493300
202607182026,e2e_trace_v3,1597,17293970595150562263,12604,guardian,output_pub,7238490586880,493210,493300
202607182026,e2e_trace_v3,1598,17293970595150562263,12605,guardian,proc_enter,7238500496704,493210,493302
202607182026,e2e_trace_v3,1599,17293970595150562263,12605,guardian,output_pub,7238500606432,493210,493302
202607182026,e2e_trace_v3,1600,17293970595150562263,12606,guardian,proc_enter,7238510547264,493210,493305
202607182026,e2e_trace_v3,1601,17293970595150562263,12606,guardian,output_pub,7238510752256,493210,493305
202607182026,e2e_trace_v3,1602,17293970595150562263,12607,guardian,proc_enter,7238520504064,493210,493309
202607182026,e2e_trace_v3,1603,17293970595150562263,12607,guardian,output_pub,7238520661984,493210,493309
202607182026,e2e_trace_v3,1604,17293970595150562263,12608,guardian,proc_enter,7238530524608,493210,493306
202607182026,e2e_trace_v3,1605,17293970595150562263,12608,guardian,output_pub,7238530745792,493210,493306
202607182026,e2e_trace_v3,1606,17293970595150562263,12609,guardian,proc_enter,7238540500928,493210,493313
202607182026,e2e_trace_v3,1607,17293970595150562263,12609,guardian,output_pub,7238540643648,493210,493313
202607182026,e2e_trace_v3,1608,17293970595150562263,12610,guardian,proc_enter,7238550493696,493210,493308
202607182026,e2e_trace_v3,1609,17293970595150562263,12610,guardian,output_pub,7238550606368,493210,493308
202607182026,e2e_trace_v3,1610,17293970595150562263,12611,guardian,proc_enter,7238560487712,493210,493302
202607182026,e2e_trace_v3,1611,17293970595150562263,12611,guardian,output_pub,7238560578496,493210,493302
202607182026,e2e_trace_v3,1612,17293970595150562263,12612,guardian,proc_enter,7238570483552,493210,493309
202607182026,e2e_trace_v3,1613,17293970595150562263,12612,guardian,output_pub,7238570571520,493210,493309
202607182026,e2e_trace_v3,1614,17293970595150562264,12613,guardian,proc_enter,7238580440992,493210,493299
202607182026,e2e_trace_v3,1615,17293970595150562264,12613,guardian,output_pub,7238580548832,493210,493299
202607182026,e2e_trace_v3,1616,17293970595150562264,12614,guardian,proc_enter,7238590504576,493210,493306
202607182026,e2e_trace_v3,1617,17293970595150562264,12614,guardian,output_pub,7238590672448,493210,493306
202607182026,e2e_trace_v3,1618,17293970595150562264,12615,guardian,proc_enter,7238600485728,493210,493310
202607182026,e2e_trace_v3,1619,17293970595150562264,12615,guardian,output_pub,7238600626368,493210,493310
202607182026,e2e_trace_v3,1620,17293970595150562264,12616,guardian,proc_enter,7238610486144,493210,493308
202607182026,e2e_trace_v3,1621,17293970595150562264,12616,guardian,output_pub,7238610591776,493210,493308
202607182026,e2e_trace_v3,1622,17293970595150562264,12617,guardian,proc_enter,7238620515808,493210,493312
202607182026,e2e_trace_v3,1623,17293970595150562264,12617,guardian,output_pub,7238620634208,493210,493312
202607182026,e2e_trace_v3,1624,17293970595150562264,12618,guardian,proc_enter,7238630513824,493210,493314
202607182026,e2e_trace_v3,1625,17293970595150562264,12618,guardian,output_pub,7238630644448,493210,493314
202607182026,e2e_trace_v3,1626,17293970595150562264,12619,guardian,proc_enter,7238640523584,493210,493306
202607182026,e2e_trace_v3,1627,17293970595150562264,12619,guardian,output_pub,7238640677440,493210,493306
202607182026,e2e_trace_v3,1628,17293970595150562264,12620,guardian,proc_enter,7238650451424,493210,493308
202607182026,e2e_trace_v3,1629,17293970595150562264,12620,guardian,output_pub,7238650613152,493210,493308
202607182026,e2e_trace_v3,1630,17293970595150562264,12621,guardian,proc_enter,7238660467392,493210,493305
202607182026,e2e_trace_v3,1631,17293970595150562264,12621,guardian,output_pub,7238660601408,493210,493305
202607182026,e2e_trace_v3,1632,17293970595150562264,12622,guardian,proc_enter,7238670481824,493210,493304
202607182026,e2e_trace_v3,1633,17293970595150562264,12622,guardian,output_pub,7238670602144,493210,493304
202607182026,e2e_trace_v3,1634,17293970595150562264,12623,guardian,proc_enter,7238680454112,493210,493305
202607182026,e2e_trace_v3,1635,17293970595150562264,12623,guardian,output_pub,7238680621504,493210,493305
202607182026,e2e_trace_v3,1636,17293970595150562265,12624,guardian,proc_enter,7238690453536,493210,493314
202607182026,e2e_trace_v3,1637,17293970595150562265,12624,guardian,output_pub,7238690564096,493210,493314
202607182026,e2e_trace_v3,1638,17293970595150562265,12625,guardian,proc_enter,7238700459904,493210,493311
202607182026,e2e_trace_v3,1639,17293970595150562265,12625,guardian,output_pub,7238700579104,493210,493311
202607182026,e2e_trace_v3,1640,17293970595150562265,12626,guardian,proc_enter,7238710447136,493210,493306
202607182026,e2e_trace_v3,1641,17293970595150562265,12626,guardian,output_pub,7238710560576,493210,493306
202607182026,e2e_trace_v3,1642,17293970595150562265,12627,guardian,proc_enter,7238720492256,493210,493310
202607182026,e2e_trace_v3,1643,17293970595150562265,12627,guardian,output_pub,7238720619456,493210,493310
202607182026,e2e_trace_v3,1644,17293970595150562265,12628,guardian,proc_enter,7238730512704,493210,493311
202607182026,e2e_trace_v3,1645,17293970595150562265,12628,guardian,output_pub,7238730636640,493210,493311
202607182026,e2e_trace_v3,1646,17293970595150562265,12629,guardian,proc_enter,7238740526528,493210,493301
202607182026,e2e_trace_v3,1647,17293970595150562265,12629,guardian,output_pub,7238740629184,493210,493301
202607182026,e2e_trace_v3,1648,17293970595150562265,12630,guardian,proc_enter,7238750483776,493210,493299
202607182026,e2e_trace_v3,1649,17293970595150562265,12630,guardian,output_pub,7238750589792,493210,493299
202607182026,e2e_trace_v3,1650,17293970595150562265,12631,guardian,proc_enter,7238760467424,493210,493312
202607182026,e2e_trace_v3,1651,17293970595150562265,12631,guardian,output_pub,7238760588544,493210,493312
202607182026,e2e_trace_v3,1652,17293970595150562265,12632,guardian,proc_enter,7238770511200,493210,493314
202607182026,e2e_trace_v3,1653,17293970595150562265,12632,guardian,output_pub,7238770676832,493210,493314
202607182026,e2e_trace_v3,1654,17293970595150562265,12633,guardian,proc_enter,7238780467840,493210,493302
202607182026,e2e_trace_v3,1655,17293970595150562265,12633,guardian,output_pub,7238780590176,493210,493302
202607182026,e2e_trace_v3,1656,17293970595150562266,12634,guardian,proc_enter,7238790497824,493210,493313
202607182026,e2e_trace_v3,1657,17293970595150562266,12634,guardian,output_pub,7238790781408,493210,493313
202607182026,e2e_trace_v3,1658,17293970595150562266,12635,guardian,proc_enter,7238800484832,493210,493301
202607182026,e2e_trace_v3,1659,17293970595150562266,12635,guardian,output_pub,7238800565536,493210,493301
202607182026,e2e_trace_v3,1660,17293970595150562266,12636,guardian,proc_enter,7238810481248,493210,493312
202607182026,e2e_trace_v3,1661,17293970595150562266,12636,guardian,output_pub,7238810554688,493210,493312
202607182026,e2e_trace_v3,1662,17293970595150562266,12637,guardian,proc_enter,7238820479232,493210,493300
202607182026,e2e_trace_v3,1663,17293970595150562266,12637,guardian,output_pub,7238820609120,493210,493300
202607182026,e2e_trace_v3,1664,17293970595150562266,12638,guardian,proc_enter,7238830510944,493210,493309
202607182026,e2e_trace_v3,1665,17293970595150562266,12638,guardian,output_pub,7238830626720,493210,493309
202607182026,e2e_trace_v3,1666,17293970595150562266,12639,guardian,proc_enter,7238840490624,493210,493310
202607182026,e2e_trace_v3,1667,17293970595150562266,12639,guardian,output_pub,7238840636096,493210,493310
202607182026,e2e_trace_v3,1668,17293970595150562266,12640,guardian,proc_enter,7238852607136,493210,493310
202607182026,e2e_trace_v3,1669,17293970595150562266,12640,guardian,output_pub,7238852713440,493210,493310
202607182026,e2e_trace_v3,1670,17293970595150562266,12641,guardian,proc_enter,7238860560992,493210,493305
202607182026,e2e_trace_v3,1671,17293970595150562266,12641,guardian,output_pub,7238860690560,493210,493305
202607182026,e2e_trace_v3,1672,17293970595150562266,12642,guardian,proc_enter,7238870536832,493210,493305
202607182026,e2e_trace_v3,1673,17293970595150562266,12642,guardian,output_pub,7238870664544,493210,493305
202607182026,e2e_trace_v3,1674,17293970595150562266,12643,guardian,proc_enter,7238880561568,493210,493299
202607182026,e2e_trace_v3,1675,17293970595150562266,12643,guardian,output_pub,7238880688960,493210,493299
202607182026,e2e_trace_v3,1676,17293970595150562266,12644,guardian,proc_enter,7238890534272,493210,493304
202607182026,e2e_trace_v3,1677,17293970595150562266,12644,guardian,output_pub,7238890651488,493210,493304
202607182026,e2e_trace_v3,1678,17293970595150562266,12645,guardian,proc_enter,7238900535072,493210,493303
202607182026,e2e_trace_v3,1679,17293970595150562266,12645,guardian,output_pub,7238900648672,493210,493303
202607182026,e2e_trace_v3,1680,17293970595150562267,12646,guardian,proc_enter,7238910531200,493210,493300
202607182026,e2e_trace_v3,1681,17293970595150562267,12646,guardian,output_pub,7238910667840,493210,493300
202607182026,e2e_trace_v3,1682,17293970595150562267,12647,guardian,proc_enter,7238920530304,493210,493314
202607182026,e2e_trace_v3,1683,17293970595150562267,12647,guardian,output_pub,7238920655136,493210,493314
202607182026,e2e_trace_v3,1684,17293970595150562267,12648,guardian,proc_enter,7238930543968,493210,493306
202607182026,e2e_trace_v3,1685,17293970595150562267,12648,guardian,output_pub,7238930686560,493210,493306
202607182026,e2e_trace_v3,1686,17293970595150562267,12649,guardian,proc_enter,7238940562080,493210,493299
202607182026,e2e_trace_v3,1687,17293970595150562267,12649,guardian,output_pub,7238940667136,493210,493299
202607182026,e2e_trace_v3,1688,17293970595150562267,12650,guardian,proc_enter,7238950533632,493210,493306
202607182026,e2e_trace_v3,1689,17293970595150562267,12650,guardian,output_pub,7238950631712,493210,493306
202607182026,e2e_trace_v3,1690,17293970595150562267,12651,guardian,proc_enter,7238960550048,493210,493307
202607182026,e2e_trace_v3,1691,17293970595150562267,12651,guardian,output_pub,7238960680096,493210,493307
202607182026,e2e_trace_v3,1692,17293970595150562267,12652,guardian,proc_enter,7238970497376,493210,493304
202607182026,e2e_trace_v3,1693,17293970595150562267,12652,guardian,output_pub,7238970595136,493210,493304
202607182026,e2e_trace_v3,1694,17293970595150562267,12653,guardian,proc_enter,7238980528224,493210,493306
202607182026,e2e_trace_v3,1695,17293970595150562267,12653,guardian,output_pub,7238980624832,493210,493306
202607182026,e2e_trace_v3,1696,17293970595150562267,12654,guardian,proc_enter,7238990490752,493210,493304
202607182026,e2e_trace_v3,1697,17293970595150562267,12654,guardian,output_pub,7238990578336,493210,493304
202607182026,e2e_trace_v3,1698,17293970595150562267,12655,guardian,proc_enter,7239000531776,493210,493306
202607182026,e2e_trace_v3,1699,17293970595150562267,12655,guardian,output_pub,7239000615072,493210,493306
202607182026,e2e_trace_v3,1700,17293970595150562267,12656,guardian,proc_enter,7239010540768,493210,493311
202607182026,e2e_trace_v3,1701,17293970595150562267,12656,guardian,output_pub,7239010637760,493210,493311
202607182026,e2e_trace_v3,1702,17293970595150562267,12657,guardian,proc_enter,7239020539584,493210,493304
202607182026,e2e_trace_v3,1703,17293970595150562267,12657,guardian,output_pub,7239020691264,493210,493304
202607182026,e2e_trace_v3,1704,17293970595150562268,12658,guardian,proc_enter,7239030511168,493210,493308
202607182026,e2e_trace_v3,1705,17293970595150562268,12658,guardian,output_pub,7239030647424,493210,493308
202607182026,e2e_trace_v3,1706,17293970595150562268,12659,guardian,proc_enter,7239040530752,493210,493309
202607182026,e2e_trace_v3,1707,17293970595150562268,12659,guardian,output_pub,7239040605408,493210,493309
202607182026,e2e_trace_v3,1708,17293970595150562268,12660,guardian,proc_enter,7239050643008,493210,493312
202607182026,e2e_trace_v3,1709,17293970595150562268,12660,guardian,output_pub,7239050701504,493210,493312
202607182026,e2e_trace_v3,1710,17293970595150562268,12661,guardian,proc_enter,7239060540288,493210,493306
202607182026,e2e_trace_v3,1711,17293970595150562268,12661,guardian,output_pub,7239060685856,493210,493306
202607182026,e2e_trace_v3,1712,17293970595150562268,12662,guardian,proc_enter,7239070550944,493210,493304
202607182026,e2e_trace_v3,1713,17293970595150562268,12662,guardian,output_pub,7239070651904,493210,493304
202607182026,e2e_trace_v3,1714,17293970595150562268,12663,guardian,proc_enter,7239080566624,493210,493306
202607182026,e2e_trace_v3,1715,17293970595150562268,12663,guardian,output_pub,7239080699712,493210,493306
202607182026,e2e_trace_v3,1716,17293970595150562268,12664,guardian,proc_enter,7239090547008,493210,493309
202607182026,e2e_trace_v3,1717,17293970595150562268,12664,guardian,output_pub,7239090672864,493210,493309
202607182026,e2e_trace_v3,1718,17293970595150562268,12665,guardian,proc_enter,7239100517472,493210,493308
202607182026,e2e_trace_v3,1719,17293970595150562268,12665,guardian,output_pub,7239100636832,493210,493308
202607182026,e2e_trace_v3,1720,17293970595150562268,12666,guardian,proc_enter,7239110559968,493210,493305
202607182026,e2e_trace_v3,1721,17293970595150562268,12666,guardian,output_pub,7239110708960,493210,493305
202607182026,e2e_trace_v3,1722,17293970595150562268,12667,guardian,proc_enter,7239120539648,493210,493306
202607182026,e2e_trace_v3,1723,17293970595150562268,12667,guardian,output_pub,7239120656960,493210,493306
202607182026,e2e_trace_v3,1724,17293970595150562268,12668,guardian,proc_enter,7239130548832,493210,493299
202607182026,e2e_trace_v3,1725,17293970595150562268,12668,guardian,output_pub,7239130644704,493210,493299
202607182026,e2e_trace_v3,1726,17293970595150562268,12669,guardian,proc_enter,7239140549376,493210,493309
202607182026,e2e_trace_v3,1727,17293970595150562268,12669,guardian,output_pub,7239140700832,493210,493309
202607182026,e2e_trace_v3,1728,17293970595150562269,12670,guardian,proc_enter,7239150544288,493210,493303
202607182026,e2e_trace_v3,1729,17293970595150562269,12670,guardian,output_pub,7239150701664,493210,493303
202607182026,e2e_trace_v3,1730,17293970595150562269,12671,guardian,proc_enter,7239160619008,493210,493307
202607182026,e2e_trace_v3,1731,17293970595150562269,12671,guardian,output_pub,7239160761120,493210,493307
202607182026,e2e_trace_v3,1732,17293970595150562269,12672,guardian,proc_enter,7239170560000,493210,493305
202607182026,e2e_trace_v3,1733,17293970595150562269,12672,guardian,output_pub,7239170702080,493210,493305
202607182026,e2e_trace_v3,1734,17293970595150562269,12673,guardian,proc_enter,7239180537344,493210,493304
202607182026,e2e_trace_v3,1735,17293970595150562269,12673,guardian,output_pub,7239180643040,493210,493304
202607182026,e2e_trace_v3,1736,17293970595150562269,12674,guardian,proc_enter,7239190551904,493210,493306
202607182026,e2e_trace_v3,1737,17293970595150562269,12674,guardian,output_pub,7239190672672,493210,493306
202607182026,e2e_trace_v3,1738,17293970595150562269,12675,guardian,proc_enter,7239200546368,493210,493304
202607182026,e2e_trace_v3,1739,17293970595150562269,12675,guardian,output_pub,7239200659680,493210,493304
202607182026,e2e_trace_v3,1740,17293970595150562269,12676,guardian,proc_enter,7239210558336,493210,493309
202607182026,e2e_trace_v3,1741,17293970595150562269,12676,guardian,output_pub,7239210679424,493210,493309
202607182026,e2e_trace_v3,1742,17293970595150562269,12677,guardian,proc_enter,7239220541952,493210,493308
202607182026,e2e_trace_v3,1743,17293970595150562269,12677,guardian,output_pub,7239220647328,493210,493308
202607182026,e2e_trace_v3,1744,17293970595150562270,12678,guardian,proc_enter,7239230486336,493210,493304
202607182026,e2e_trace_v3,1745,17293970595150562270,12678,guardian,output_pub,7239230584288,493210,493304
202607182026,e2e_trace_v3,1746,17293970595150562270,12679,guardian,proc_enter,7239240516384,493210,493300
202607182026,e2e_trace_v3,1747,17293970595150562270,12679,guardian,output_pub,7239240590784,493210,493300
202607182026,e2e_trace_v3,1748,17293970595150562270,12680,guardian,proc_enter,7239250555232,493210,493299
202607182026,e2e_trace_v3,1749,17293970595150562270,12680,guardian,output_pub,7239250702848,493210,493299
202607182026,e2e_trace_v3,1750,17293970595150562270,12681,guardian,proc_enter,7239260561664,493210,493307
202607182026,e2e_trace_v3,1751,17293970595150562270,12681,guardian,output_pub,7239260699776,493210,493307
202607182026,e2e_trace_v3,1752,17293970595150562270,12682,guardian,proc_enter,7239270533600,493210,493302
202607182026,e2e_trace_v3,1753,17293970595150562270,12682,guardian,output_pub,7239270638816,493210,493302
202607182026,e2e_trace_v3,1754,17293970595150562270,12683,guardian,proc_enter,7239280523808,493210,493312
202607182026,e2e_trace_v3,1755,17293970595150562270,12683,guardian,output_pub,7239280642784,493210,493312
202607182026,e2e_trace_v3,1756,17293970595150562270,12684,guardian,proc_enter,7239290535808,493210,493302
202607182026,e2e_trace_v3,1757,17293970595150562270,12684,guardian,output_pub,7239290655552,493210,493302
202607182026,e2e_trace_v3,1758,17293970595150562270,12685,guardian,proc_enter,7239300533568,493210,493306
202607182026,e2e_trace_v3,1759,17293970595150562270,12685,guardian,output_pub,7239300644768,493210,493306
202607182026,e2e_trace_v3,1760,17293970595150562270,12686,guardian,proc_enter,7239310535680,493210,493302
202607182026,e2e_trace_v3,1761,17293970595150562270,12686,guardian,output_pub,7239310649056,493210,493302
202607182026,e2e_trace_v3,1762,17293970595150562270,12687,guardian,proc_enter,7239320549920,493210,493300
202607182026,e2e_trace_v3,1763,17293970595150562270,12687,guardian,output_pub,7239320677472,493210,493300
202607182026,e2e_trace_v3,1764,17293970595150562270,12688,guardian,proc_enter,7239330551104,493210,493309
202607182026,e2e_trace_v3,1765,17293970595150562270,12688,guardian,output_pub,7239330669952,493210,493309
202607182026,e2e_trace_v3,1766,17293970595150562270,12689,guardian,proc_enter,7239340549920,493210,493302
202607182026,e2e_trace_v3,1767,17293970595150562270,12689,guardian,output_pub,7239340695808,493210,493302
202607182026,e2e_trace_v3,1768,17293970595150562271,12690,guardian,proc_enter,7239350523648,493210,493303
202607182026,e2e_trace_v3,1769,17293970595150562271,12690,guardian,output_pub,7239350609216,493210,493303
202607182026,e2e_trace_v3,1770,17293970595150562271,12691,guardian,proc_enter,7239360543808,493210,493308
202607182026,e2e_trace_v3,1771,17293970595150562271,12691,guardian,output_pub,7239360641440,493210,493308
202607182026,e2e_trace_v3,1772,17293970595150562271,12692,guardian,proc_enter,7239370532352,493210,493312
202607182026,e2e_trace_v3,1773,17293970595150562271,12692,guardian,output_pub,7239370632384,493210,493312
202607182026,e2e_trace_v3,1774,17293970595150562271,12693,guardian,proc_enter,7239380536160,493210,493309
202607182026,e2e_trace_v3,1775,17293970595150562271,12693,guardian,output_pub,7239380644800,493210,493309
202607182026,e2e_trace_v3,1776,17293970595150562271,12694,guardian,proc_enter,7239390554336,493210,493311
202607182026,e2e_trace_v3,1777,17293970595150562271,12694,guardian,output_pub,7239390691840,493210,493311
202607182026,e2e_trace_v3,1778,17293970595150562271,12695,guardian,proc_enter,7239400535520,493210,493304
202607182026,e2e_trace_v3,1779,17293970595150562271,12695,guardian,output_pub,7239400631616,493210,493304
202607182026,e2e_trace_v3,1780,17293970595150562271,12696,guardian,proc_enter,7239410540480,493210,493304
202607182026,e2e_trace_v3,1781,17293970595150562271,12696,guardian,output_pub,7239410656224,493210,493304
202607182026,e2e_trace_v3,1782,17293970595150562271,12697,guardian,proc_enter,7239420494656,493210,493311
202607182026,e2e_trace_v3,1783,17293970595150562271,12697,guardian,output_pub,7239420611296,493210,493311
202607182026,e2e_trace_v3,1784,17293970595150562271,12698,guardian,proc_enter,7239430513344,493210,493302
202607182026,e2e_trace_v3,1785,17293970595150562271,12698,guardian,output_pub,7239430642272,493210,493302
202607182026,e2e_trace_v3,1786,17293970595150562271,12699,guardian,proc_enter,7239440556960,493210,493310
202607182026,e2e_trace_v3,1787,17293970595150562271,12699,guardian,output_pub,7239440711040,493210,493310
202607182026,e2e_trace_v3,1788,17293970595150562272,12700,guardian,proc_enter,7239450494112,493210,493307
202607182026,e2e_trace_v3,1789,17293970595150562272,12700,guardian,output_pub,7239450660672,493210,493307
202607182026,e2e_trace_v3,1790,17293970595150562272,12701,guardian,proc_enter,7239460557184,493210,493310
202607182026,e2e_trace_v3,1791,17293970595150562272,12701,guardian,output_pub,7239460721376,493210,493310
202607182026,e2e_trace_v3,1792,17293970595150562272,12702,guardian,proc_enter,7239470578048,493210,493313
202607182026,e2e_trace_v3,1793,17293970595150562272,12702,guardian,output_pub,7239470736352,493210,493313
202607182026,e2e_trace_v3,1794,17293970595150562272,12703,guardian,proc_enter,7239480532864,493210,493301
202607182026,e2e_trace_v3,1795,17293970595150562272,12703,guardian,output_pub,7239480715840,493210,493301
202607182026,e2e_trace_v3,1796,17293970595150562272,12704,guardian,proc_enter,7239490520832,493210,493309
202607182026,e2e_trace_v3,1797,17293970595150562272,12704,guardian,output_pub,7239490609824,493210,493309
202607182026,e2e_trace_v3,1798,17293970595150562272,12705,guardian,proc_enter,7239500540608,493210,493310
202607182026,e2e_trace_v3,1799,17293970595150562272,12705,guardian,output_pub,7239500642208,493210,493310
202607182026,e2e_trace_v3,1800,17293970595150562272,12706,guardian,proc_enter,7239510567968,493210,493300
202607182026,e2e_trace_v3,1801,17293970595150562272,12706,guardian,output_pub,7239510712160,493210,493300
202607182026,e2e_trace_v3,1802,17293970595150562272,12707,guardian,proc_enter,7239520520704,493210,493300
202607182026,e2e_trace_v3,1803,17293970595150562272,12707,guardian,output_pub,7239520675008,493210,493300
202607182026,e2e_trace_v3,1804,17293970595150562272,12708,guardian,proc_enter,7239530549696,493210,493313
202607182026,e2e_trace_v3,1805,17293970595150562272,12708,guardian,output_pub,7239530684096,493210,493313
202607182026,e2e_trace_v3,1806,17293970595150562272,12709,guardian,proc_enter,7239540530080,493210,493310
202607182026,e2e_trace_v3,1807,17293970595150562272,12709,guardian,output_pub,7239540674624,493210,493310
202607182026,e2e_trace_v3,1808,17293970595150562272,12710,guardian,proc_enter,7239550516928,493210,493301
202607182026,e2e_trace_v3,1809,17293970595150562272,12710,guardian,output_pub,7239550642176,493210,493301
202607182026,e2e_trace_v3,1810,17293970595150562272,12711,guardian,proc_enter,7239560517568,493210,493312
202607182026,e2e_trace_v3,1811,17293970595150562272,12711,guardian,output_pub,7239560630208,493210,493312
202607182026,e2e_trace_v3,1812,17293970595150562272,12712,guardian,proc_enter,7239570526944,493210,493301
202607182026,e2e_trace_v3,1813,17293970595150562272,12712,guardian,output_pub,7239570653440,493210,493301
202607182026,e2e_trace_v3,1814,17293970595150562272,12713,guardian,proc_enter,7239580574208,493210,493300
202607182026,e2e_trace_v3,1815,17293970595150562272,12713,guardian,output_pub,7239580703808,493210,493300
202607182026,e2e_trace_v3,1816,17293970595150562273,12714,guardian,proc_enter,7239590528096,493210,493306
202607182026,e2e_trace_v3,1817,17293970595150562273,12714,guardian,output_pub,7239590634048,493210,493306
202607182026,e2e_trace_v3,1818,17293970595150562273,12715,guardian,proc_enter,7239600528736,493210,493314
202607182026,e2e_trace_v3,1819,17293970595150562273,12715,guardian,output_pub,7239600683296,493210,493314
202607182026,e2e_trace_v3,1820,17293970595150562273,12716,guardian,proc_enter,7239610533248,493210,493299
202607182026,e2e_trace_v3,1821,17293970595150562273,12716,guardian,output_pub,7239610679872,493210,493299
202607182026,e2e_trace_v3,1822,17293970595150562273,12717,guardian,proc_enter,7239620529408,493210,493304
202607182026,e2e_trace_v3,1823,17293970595150562273,12717,guardian,output_pub,7239620665280,493210,493304
202607182026,e2e_trace_v3,1824,17293970595150562273,12718,guardian,proc_enter,7239634397184,493210,493307
202607182026,e2e_trace_v3,1825,17293970595150562273,12718,guardian,output_pub,7239634504000,493210,493307
202607182026,e2e_trace_v3,1826,17293970595150562273,12719,guardian,proc_enter,7239640417632,493210,493299
202607182026,e2e_trace_v3,1827,17293970595150562273,12719,guardian,output_pub,7239640578880,493210,493299
202607182026,e2e_trace_v3,1828,17293970595150562273,12720,guardian,proc_enter,7239650416736,493210,493300
202607182026,e2e_trace_v3,1829,17293970595150562273,12720,guardian,output_pub,7239650543488,493210,493300
202607182026,e2e_trace_v3,1830,17293970595150562273,12721,guardian,proc_enter,7239660452640,493210,493301
202607182026,e2e_trace_v3,1831,17293970595150562273,12721,guardian,output_pub,7239660639296,493210,493301
202607182026,e2e_trace_v3,1832,17293970595150562273,12722,guardian,proc_enter,7239670404960,493210,493302
202607182026,e2e_trace_v3,1833,17293970595150562273,12722,guardian,output_pub,7239670596480,493210,493302
202607182026,e2e_trace_v3,1834,17293970595150562273,12723,guardian,proc_enter,7239680458592,493210,493300
202607182026,e2e_trace_v3,1835,17293970595150562273,12723,guardian,output_pub,7239680642336,493210,493300
202607182026,e2e_trace_v3,1836,17293970595150562274,12724,guardian,proc_enter,7239690413664,493210,493307
202607182026,e2e_trace_v3,1837,17293970595150562274,12724,guardian,output_pub,7239690522944,493210,493307
202607182026,e2e_trace_v3,1838,17293970595150562274,12725,guardian,proc_enter,7239700383104,493210,493304
202607182026,e2e_trace_v3,1839,17293970595150562274,12725,guardian,output_pub,7239700513984,493210,493304
202607182026,e2e_trace_v3,1840,17293970595150562274,12726,guardian,proc_enter,7239710422784,493210,493314
202607182026,e2e_trace_v3,1841,17293970595150562274,12726,guardian,output_pub,7239710581536,493210,493314
202607182026,e2e_trace_v3,1842,17293970595150562274,12727,guardian,proc_enter,7239720446048,493210,493313
202607182026,e2e_trace_v3,1843,17293970595150562274,12727,guardian,output_pub,7239720606304,493210,493313
202607182026,e2e_trace_v3,1844,17293970595150562274,12728,guardian,proc_enter,7239730427136,493210,493311
202607182026,e2e_trace_v3,1845,17293970595150562274,12728,guardian,output_pub,7239730619360,493210,493311
202607182026,e2e_trace_v3,1846,17293970595150562274,12729,guardian,proc_enter,7239740474592,493210,493299
202607182026,e2e_trace_v3,1847,17293970595150562274,12729,guardian,output_pub,7239740683296,493210,493299
202607182026,e2e_trace_v3,1848,17293970595150562274,12730,guardian,proc_enter,7239750428096,493210,493308
202607182026,e2e_trace_v3,1849,17293970595150562274,12730,guardian,output_pub,7239750599040,493210,493308
202607182026,e2e_trace_v3,1850,17293970595150562274,12731,guardian,proc_enter,7239760412576,493210,493304
202607182026,e2e_trace_v3,1851,17293970595150562274,12731,guardian,output_pub,7239760535680,493210,493304
202607182026,e2e_trace_v3,1852,17293970595150562274,12732,guardian,proc_enter,7239770401824,493210,493301
202607182026,e2e_trace_v3,1853,17293970595150562274,12732,guardian,output_pub,7239770582016,493210,493301
202607182026,e2e_trace_v3,1854,17293970595150562274,12733,guardian,proc_enter,7239780427424,493210,493300
202607182026,e2e_trace_v3,1855,17293970595150562274,12733,guardian,output_pub,7239780608288,493210,493300
202607182026,e2e_trace_v3,1856,17293970595150562275,12734,guardian,proc_enter,7239790409056,493210,493308
202607182026,e2e_trace_v3,1857,17293970595150562275,12734,guardian,output_pub,7239790590208,493210,493308
202607182026,e2e_trace_v3,1858,17293970595150562275,12735,guardian,proc_enter,7239800451040,493210,493313
202607182026,e2e_trace_v3,1859,17293970595150562275,12735,guardian,output_pub,7239800624448,493210,493313
202607182026,e2e_trace_v3,1860,17293970595150562275,12736,guardian,proc_enter,7239810361824,493210,493307
202607182026,e2e_trace_v3,1861,17293970595150562275,12736,guardian,output_pub,7239810530688,493210,493307
202607182026,e2e_trace_v3,1862,17293970595150562275,12737,guardian,proc_enter,7239820379328,493210,493304
202607182026,e2e_trace_v3,1863,17293970595150562275,12737,guardian,output_pub,7239820624800,493210,493304
202607182026,e2e_trace_v3,1864,17293970595150562275,12738,guardian,proc_enter,7239830449920,493210,493300
202607182026,e2e_trace_v3,1865,17293970595150562275,12738,guardian,output_pub,7239830598944,493210,493300
202607182026,e2e_trace_v3,1866,17293970595150562275,12739,guardian,proc_enter,7239840419968,493210,493303
202607182026,e2e_trace_v3,1867,17293970595150562275,12739,guardian,output_pub,7239840706944,493210,493303
202607182026,e2e_trace_v3,1868,17293970595150562275,12740,guardian,proc_enter,7239850411328,493210,493301
202607182026,e2e_trace_v3,1869,17293970595150562275,12740,guardian,output_pub,7239850542880,493210,493301
202607182026,e2e_trace_v3,1870,17293970595150562275,12741,guardian,proc_enter,7239860395808,493210,493311
202607182026,e2e_trace_v3,1871,17293970595150562275,12741,guardian,output_pub,7239860582304,493210,493311
202607182026,e2e_trace_v3,1872,17293970595150562275,12742,guardian,proc_enter,7239870412544,493210,493311
202607182026,e2e_trace_v3,1873,17293970595150562275,12742,guardian,output_pub,7239870536384,493210,493311
202607182026,e2e_trace_v3,1874,17293970595150562275,12743,guardian,proc_enter,7239880426464,493210,493301
202607182026,e2e_trace_v3,1875,17293970595150562275,12743,guardian,output_pub,7239880568128,493210,493301
202607182026,e2e_trace_v3,1876,17293970595150562275,12744,guardian,proc_enter,7239890408320,493210,493303
202607182026,e2e_trace_v3,1877,17293970595150562275,12744,guardian,output_pub,7239890544224,493210,493303
202607182026,e2e_trace_v3,1878,17293970595150562275,12745,guardian,proc_enter,7239900431328,493210,493306
202607182026,e2e_trace_v3,1879,17293970595150562275,12745,guardian,output_pub,7239900557472,493210,493306
202607182026,e2e_trace_v3,1880,17293970595150562275,12746,guardian,proc_enter,7239910411616,493210,493310
202607182026,e2e_trace_v3,1881,17293970595150562275,12746,guardian,output_pub,7239910528960,493210,493310
202607182026,e2e_trace_v3,1882,17293970595150562275,12747,guardian,proc_enter,7239920407072,493210,493307
202607182026,e2e_trace_v3,1883,17293970595150562275,12747,guardian,output_pub,7239920583136,493210,493307
202607182026,e2e_trace_v3,1884,17293970595150562276,12748,guardian,proc_enter,7239930411424,493210,493299
202607182026,e2e_trace_v3,1885,17293970595150562276,12748,guardian,output_pub,7239930557536,493210,493299
202607182026,e2e_trace_v3,1886,17293970595150562276,12749,guardian,proc_enter,7239940383104,493210,493305
202607182026,e2e_trace_v3,1887,17293970595150562276,12749,guardian,output_pub,7239940534944,493210,493305
202607182026,e2e_trace_v3,1888,17293970595150562276,12750,guardian,proc_enter,7239950407744,493210,493304
202607182026,e2e_trace_v3,1889,17293970595150562276,12750,guardian,output_pub,7239950550624,493210,493304
202607182026,e2e_trace_v3,1890,17293970595150562276,12751,guardian,proc_enter,7239960423840,493210,493306
202607182026,e2e_trace_v3,1891,17293970595150562276,12751,guardian,output_pub,7239960608608,493210,493306
202607182026,e2e_trace_v3,1892,17293970595150562276,12752,guardian,proc_enter,7239970434592,493210,493300
202607182026,e2e_trace_v3,1893,17293970595150562276,12752,guardian,output_pub,7239970563360,493210,493300
202607182026,e2e_trace_v3,1894,17293970595150562276,12753,guardian,proc_enter,7239980447712,493210,493313
202607182026,e2e_trace_v3,1895,17293970595150562276,12753,guardian,output_pub,7239980589536,493210,493313
202607182026,e2e_trace_v3,1896,17293970595150562276,12754,guardian,proc_enter,7239990396416,493210,493313
202607182026,e2e_trace_v3,1897,17293970595150562276,12754,guardian,output_pub,7239990553152,493210,493313
202607182026,e2e_trace_v3,1898,17293970595150562276,12755,guardian,proc_enter,7240000416896,493210,493305
202607182026,e2e_trace_v3,1899,17293970595150562276,12755,guardian,output_pub,7240000536224,493210,493305
202607182026,e2e_trace_v3,1900,17293970595150562276,12756,guardian,proc_enter,7240010425824,493210,493299
202607182026,e2e_trace_v3,1901,17293970595150562276,12756,guardian,output_pub,7240010560672,493210,493299
202607182026,e2e_trace_v3,1902,17293970595150562276,12757,guardian,proc_enter,7240020441344,493210,493307
202607182026,e2e_trace_v3,1903,17293970595150562276,12757,guardian,output_pub,7240020559008,493210,493307
202607182026,e2e_trace_v3,1904,17293970595150562276,12758,guardian,proc_enter,7240030434176,493210,493305
202607182026,e2e_trace_v3,1905,17293970595150562276,12758,guardian,output_pub,7240030579200,493210,493305
202607182026,e2e_trace_v3,1906,17293970595150562276,12759,guardian,proc_enter,7240040426784,493210,493312
202607182026,e2e_trace_v3,1907,17293970595150562276,12759,guardian,output_pub,7240040592512,493210,493312
202607182026,e2e_trace_v3,1908,17293970595150562277,12760,guardian,proc_enter,7240050410240,493210,493302
202607182026,e2e_trace_v3,1909,17293970595150562277,12760,guardian,output_pub,7240050499456,493210,493302
202607182026,e2e_trace_v3,1910,17293970595150562277,12761,guardian,proc_enter,7240060465888,493210,493299
202607182026,e2e_trace_v3,1911,17293970595150562277,12761,guardian,output_pub,7240060690880,493210,493299
202607182026,e2e_trace_v3,1912,17293970595150562277,12762,guardian,proc_enter,7240070437472,493210,493311
202607182026,e2e_trace_v3,1913,17293970595150562277,12762,guardian,output_pub,7240070604608,493210,493311
202607182026,e2e_trace_v3,1914,17293970595150562277,12763,guardian,proc_enter,7240080425120,493210,493301
202607182026,e2e_trace_v3,1915,17293970595150562277,12763,guardian,output_pub,7240080669440,493210,493301
202607182026,e2e_trace_v3,1916,17293970595150562277,12764,guardian,proc_enter,7240090439456,493210,493304
202607182026,e2e_trace_v3,1917,17293970595150562277,12764,guardian,output_pub,7240090581248,493210,493304
202607182026,e2e_trace_v3,1918,17293970595150562277,12765,guardian,proc_enter,7240100372256,493210,493312
202607182026,e2e_trace_v3,1919,17293970595150562277,12765,guardian,output_pub,7240100525888,493210,493312
202607182026,e2e_trace_v3,1920,17293970595150562277,12766,guardian,proc_enter,7240110413184,493210,493301
202607182026,e2e_trace_v3,1921,17293970595150562277,12766,guardian,output_pub,7240110560992,493210,493301
202607182026,e2e_trace_v3,1922,17293970595150562277,12767,guardian,proc_enter,7240120384928,493210,493304
202607182026,e2e_trace_v3,1923,17293970595150562277,12767,guardian,output_pub,7240120548544,493210,493304
202607182026,e2e_trace_v3,1924,17293970595150562277,12768,guardian,proc_enter,7240130394240,493210,493314
202607182026,e2e_trace_v3,1925,17293970595150562277,12768,guardian,output_pub,7240130566720,493210,493314
202607182026,e2e_trace_v3,1926,17293970595150562278,12769,guardian,proc_enter,7240140426656,493210,493307
202607182026,e2e_trace_v3,1927,17293970595150562278,12769,guardian,output_pub,7240140577088,493210,493307
202607182026,e2e_trace_v3,1928,17293970595150562278,12770,guardian,proc_enter,7240150420384,493210,493311
202607182026,e2e_trace_v3,1929,17293970595150562278,12770,guardian,output_pub,7240150561408,493210,493311
202607182026,e2e_trace_v3,1930,17293970595150562278,12771,guardian,proc_enter,7240160419296,493210,493305
202607182026,e2e_trace_v3,1931,17293970595150562278,12771,guardian,output_pub,7240160558432,493210,493305
202607182026,e2e_trace_v3,1932,17293970595150562278,12772,guardian,proc_enter,7240170729088,493210,493312
202607182026,e2e_trace_v3,1933,17293970595150562278,12772,guardian,output_pub,7240170887680,493210,493312
202607182026,e2e_trace_v3,1934,17293970595150562278,12773,guardian,proc_enter,7240180383392,493210,493302
202607182026,e2e_trace_v3,1935,17293970595150562278,12773,guardian,output_pub,7240180496352,493210,493302
202607182026,e2e_trace_v3,1936,17293970595150562278,12774,guardian,proc_enter,7240190397408,493210,493302
202607182026,e2e_trace_v3,1937,17293970595150562278,12774,guardian,output_pub,7240190466624,493210,493302
202607182026,e2e_trace_v3,1938,17293970595150562278,12775,guardian,proc_enter,7240200415104,493210,493304
202607182026,e2e_trace_v3,1939,17293970595150562278,12775,guardian,output_pub,7240200578592,493210,493304
202607182026,e2e_trace_v3,1940,17293970595150562278,12776,guardian,proc_enter,7240210417152,493210,493305
202607182026,e2e_trace_v3,1941,17293970595150562278,12776,guardian,output_pub,7240210647904,493210,493305
202607182026,e2e_trace_v3,1942,17293970595150562278,12777,guardian,proc_enter,7240220413024,493210,493302
202607182026,e2e_trace_v3,1943,17293970595150562278,12777,guardian,output_pub,7240220529536,493210,493302
202607182026,e2e_trace_v3,1944,17293970595150562278,12778,guardian,proc_enter,7240230388960,493210,493305
202607182026,e2e_trace_v3,1945,17293970595150562278,12778,guardian,output_pub,7240230544608,493210,493305
202607182026,e2e_trace_v3,1946,17293970595150562279,12779,guardian,proc_enter,7240240388096,493210,493306
202607182026,e2e_trace_v3,1947,17293970595150562279,12779,guardian,output_pub,7240240513440,493210,493306
202607182026,e2e_trace_v3,1948,17293970595150562279,12780,guardian,proc_enter,7240250352736,493210,493300
202607182026,e2e_trace_v3,1949,17293970595150562279,12780,guardian,output_pub,7240250447392,493210,493300
202607182026,e2e_trace_v3,1950,17293970595150562279,12781,guardian,proc_enter,7240260417632,493210,493313
202607182026,e2e_trace_v3,1951,17293970595150562279,12781,guardian,output_pub,7240260568800,493210,493313
202607182026,e2e_trace_v3,1952,17293970595150562279,12782,guardian,proc_enter,7240270600928,493210,493314
202607182026,e2e_trace_v3,1953,17293970595150562279,12782,guardian,output_pub,7240270701536,493210,493314
202607182026,e2e_trace_v3,1954,17293970595150562279,12783,guardian,proc_enter,7240280400832,493210,493303
202607182026,e2e_trace_v3,1955,17293970595150562279,12783,guardian,output_pub,7240280509248,493210,493303
202607182026,e2e_trace_v3,1956,17293970595150562279,12784,guardian,proc_enter,7240290398368,493210,493299
202607182026,e2e_trace_v3,1957,17293970595150562279,12784,guardian,output_pub,7240290506432,493210,493299
202607182026,e2e_trace_v3,1958,17293970595150562279,12785,guardian,proc_enter,7240304410048,493210,493307
202607182026,e2e_trace_v3,1959,17293970595150562279,12785,guardian,output_pub,7240304540928,493210,493307
202607182026,e2e_trace_v3,1960,17293970595150562279,12786,guardian,proc_enter,7240310378240,493210,493300
202607182026,e2e_trace_v3,1961,17293970595150562279,12786,guardian,output_pub,7240310486688,493210,493300
202607182026,e2e_trace_v3,1962,17293970595150562279,12787,guardian,proc_enter,7240320382272,493210,493301
202607182026,e2e_trace_v3,1963,17293970595150562279,12787,guardian,output_pub,7240320482816,493210,493301
202607182026,e2e_trace_v3,1964,17293970595150562279,12788,guardian,proc_enter,7240330414208,493210,493312
202607182026,e2e_trace_v3,1965,17293970595150562279,12788,guardian,output_pub,7240330525504,493210,493312
202607182026,e2e_trace_v3,1966,17293970595150562280,12789,guardian,proc_enter,7240340410432,493210,493303
202607182026,e2e_trace_v3,1967,17293970595150562280,12789,guardian,output_pub,7240340530560,493210,493303
202607182026,e2e_trace_v3,1968,17293970595150562280,12790,guardian,proc_enter,7240350365568,493210,493310
202607182026,e2e_trace_v3,1969,17293970595150562280,12790,guardian,output_pub,7240350503360,493210,493310
202607182026,e2e_trace_v3,1970,17293970595150562280,12791,guardian,proc_enter,7240360379328,493210,493305
202607182026,e2e_trace_v3,1971,17293970595150562280,12791,guardian,output_pub,7240360508128,493210,493305
202607182026,e2e_trace_v3,1972,17293970595150562280,12792,guardian,proc_enter,7240370411712,493210,493307
202607182026,e2e_trace_v3,1973,17293970595150562280,12792,guardian,output_pub,7240370551904,493210,493307
202607182026,e2e_trace_v3,1974,17293970595150562280,12793,guardian,proc_enter,7240380458368,493210,493309
202607182026,e2e_trace_v3,1975,17293970595150562280,12793,guardian,output_pub,7240380572352,493210,493309
202607182026,e2e_trace_v3,1976,17293970595150562280,12794,guardian,proc_enter,7240390434592,493210,493299
202607182026,e2e_trace_v3,1977,17293970595150562280,12794,guardian,output_pub,7240390574432,493210,493299
202607182026,e2e_trace_v3,1978,17293970595150562280,12795,guardian,proc_enter,7240400424256,493210,493299
202607182026,e2e_trace_v3,1979,17293970595150562280,12795,guardian,output_pub,7240400530496,493210,493299
202607182026,e2e_trace_v3,1980,17293970595150562280,12796,guardian,proc_enter,7240410402112,493210,493302
202607182026,e2e_trace_v3,1981,17293970595150562280,12796,guardian,output_pub,7240410509568,493210,493302
202607182026,e2e_trace_v3,1982,17293970595150562280,12797,guardian,proc_enter,7240420410656,493210,493304
202607182026,e2e_trace_v3,1983,17293970595150562280,12797,guardian,output_pub,7240420529248,493210,493304
202607182026,e2e_trace_v3,1984,17293970595150562280,12798,guardian,proc_enter,7240430412736,493210,493299
202607182026,e2e_trace_v3,1985,17293970595150562280,12798,guardian,output_pub,7240430509024,493210,493299
202607182026,e2e_trace_v3,1986,17293970595150562280,12799,guardian,proc_enter,7240440440064,493210,493308
202607182026,e2e_trace_v3,1987,17293970595150562280,12799,guardian,output_pub,7240440602912,493210,493308
202607182026,e2e_trace_v3,1988,17293970595150562281,12800,guardian,proc_enter,7240450373184,493210,493306
202607182026,e2e_trace_v3,1989,17293970595150562281,12800,guardian,output_pub,7240450491488,493210,493306
202607182026,e2e_trace_v3,1990,17293970595150562281,12801,guardian,proc_enter,7240460401472,493210,493302
202607182026,e2e_trace_v3,1991,17293970595150562281,12801,guardian,output_pub,7240460543616,493210,493302
202607182026,e2e_trace_v3,1992,17293970595150562281,12802,guardian,proc_enter,7240470366720,493210,493299
202607182026,e2e_trace_v3,1993,17293970595150562281,12802,guardian,output_pub,7240470461952,493210,493299
202607182026,e2e_trace_v3,1994,17293970595150562281,12803,guardian,proc_enter,7240480350528,493210,493302
202607182026,e2e_trace_v3,1995,17293970595150562281,12803,guardian,output_pub,7240480439936,493210,493302
202607182026,e2e_trace_v3,1996,17293970595150562281,12804,guardian,proc_enter,7240490418176,493210,493308
202607182026,e2e_trace_v3,1997,17293970595150562281,12804,guardian,output_pub,7240490506592,493210,493308
202607182026,e2e_trace_v3,1998,17293970595150562281,12805,guardian,proc_enter,7240500419968,493210,493300
202607182026,e2e_trace_v3,1999,17293970595150562281,12805,guardian,output_pub,7240500593152,493210,493300
202607182026,e2e_trace_v3,2000,17293970595150562281,12806,guardian,proc_enter,7240510418016,493210,493312
202607182026,e2e_trace_v3,2001,17293970595150562281,12806,guardian,output_pub,7240510582976,493210,493312
202607182026,e2e_trace_v3,2002,17293970595150562281,12807,guardian,proc_enter,7240520413600,493210,493302
202607182026,e2e_trace_v3,2003,17293970595150562281,12807,guardian,output_pub,7240520514400,493210,493302
202607182026,e2e_trace_v3,2004,17293970595150562281,12808,guardian,proc_enter,7240530397440,493210,493312
202607182026,e2e_trace_v3,2005,17293970595150562281,12808,guardian,output_pub,7240530466304,493210,493312
202607182026,e2e_trace_v3,2006,17293970595150562281,12809,guardian,proc_enter,7240540401632,493210,493314
202607182026,e2e_trace_v3,2007,17293970595150562281,12809,guardian,output_pub,7240540534976,493210,493314
202607182026,e2e_trace_v3,2008,17293970595150562281,12810,guardian,proc_enter,7240550398752,493210,493302
202607182026,e2e_trace_v3,2009,17293970595150562281,12810,guardian,output_pub,7240550542688,493210,493302
202607182026,e2e_trace_v3,2010,17293970595150562281,12811,guardian,proc_enter,7240560396224,493210,493299
202607182026,e2e_trace_v3,2011,17293970595150562281,12811,guardian,output_pub,7240560512384,493210,493299
202607182026,e2e_trace_v3,2012,17293970595150562281,12812,guardian,proc_enter,7240570399968,493210,493310
202607182026,e2e_trace_v3,2013,17293970595150562281,12812,guardian,output_pub,7240570498880,493210,493310
202607182026,e2e_trace_v3,2014,17293970595150562282,12813,guardian,proc_enter,7240580404000,493210,493313
202607182026,e2e_trace_v3,2015,17293970595150562282,12813,guardian,output_pub,7240580515488,493210,493313
202607182026,e2e_trace_v3,2016,17293970595150562282,12814,guardian,proc_enter,7240590396352,493210,493303
202607182026,e2e_trace_v3,2017,17293970595150562282,12814,guardian,output_pub,7240590516672,493210,493303
202607182026,e2e_trace_v3,2018,17293970595150562282,12815,guardian,proc_enter,7240600474560,493210,493310
202607182026,e2e_trace_v3,2019,17293970595150562282,12815,guardian,output_pub,7240600589344,493210,493310
202607182026,e2e_trace_v3,2020,17293970595150562282,12816,guardian,proc_enter,7240610426848,493210,493314
202607182026,e2e_trace_v3,2021,17293970595150562282,12816,guardian,output_pub,7240610608608,493210,493314
202607182026,e2e_trace_v3,2022,17293970595150562282,12817,guardian,proc_enter,7240620363872,493210,493313
202607182026,e2e_trace_v3,2023,17293970595150562282,12817,guardian,output_pub,7240620491392,493210,493313
202607182026,e2e_trace_v3,2024,17293970595150562282,12818,guardian,proc_enter,7240630419040,493210,493306
202607182026,e2e_trace_v3,2025,17293970595150562282,12818,guardian,output_pub,7240630564096,493210,493306
202607182026,e2e_trace_v3,2026,17293970595150562282,12819,guardian,proc_enter,7240648446016,493210,493304
202607182026,e2e_trace_v3,2027,17293970595150562282,12819,guardian,output_pub,7240648609664,493210,493304
202607182026,e2e_trace_v3,2028,17293970595150562282,12820,guardian,proc_enter,7240650418176,493210,493313
202607182026,e2e_trace_v3,2029,17293970595150562282,12820,guardian,output_pub,7240650547648,493210,493313
202607182026,e2e_trace_v3,2030,17293970595150562282,12821,guardian,proc_enter,7240660447136,493210,493302
202607182026,e2e_trace_v3,2031,17293970595150562282,12821,guardian,output_pub,7240660617600,493210,493302
202607182026,e2e_trace_v3,2032,17293970595150562282,12822,guardian,proc_enter,7240670432256,493210,493303
202607182026,e2e_trace_v3,2033,17293970595150562282,12822,guardian,output_pub,7240670577056,493210,493303
202607182026,e2e_trace_v3,2034,17293970595150562282,12823,guardian,proc_enter,7240680425440,493210,493314
202607182026,e2e_trace_v3,2035,17293970595150562282,12823,guardian,output_pub,7240680532672,493210,493314
202607182026,e2e_trace_v3,2036,17293970595150562282,12824,guardian,proc_enter,7240690434432,493210,493307
202607182026,e2e_trace_v3,2037,17293970595150562282,12824,guardian,output_pub,7240690611808,493210,493307
202607182026,e2e_trace_v3,2038,17293970595150562283,12825,guardian,proc_enter,7240700419808,493210,493309
202607182026,e2e_trace_v3,2039,17293970595150562283,12825,guardian,output_pub,7240700523424,493210,493309
202607182026,e2e_trace_v3,2040,17293970595150562283,12826,guardian,proc_enter,7240710434432,493210,493300
202607182026,e2e_trace_v3,2041,17293970595150562283,12826,guardian,output_pub,7240710653600,493210,493300
202607182026,e2e_trace_v3,2042,17293970595150562283,12827,guardian,proc_enter,7240720420704,493210,493313
202607182026,e2e_trace_v3,2043,17293970595150562283,12827,guardian,output_pub,7240720528256,493210,493313
202607182026,e2e_trace_v3,2044,17293970595150562283,12828,guardian,proc_enter,7240730415520,493210,493303
202607182026,e2e_trace_v3,2045,17293970595150562283,12828,guardian,output_pub,7240730532000,493210,493303
202607182026,e2e_trace_v3,2046,17293970595150562283,12829,guardian,proc_enter,7240740443360,493210,493309
202607182026,e2e_trace_v3,2047,17293970595150562283,12829,guardian,output_pub,7240740588192,493210,493309
202607182026,e2e_trace_v3,2048,17293970595150562283,12830,guardian,proc_enter,7240750444768,493210,493300
202607182026,e2e_trace_v3,2049,17293970595150562283,12830,guardian,output_pub,7240750564352,493210,493300
202607182026,e2e_trace_v3,2050,17293970595150562283,12831,guardian,proc_enter,7240760427424,493210,493306
202607182026,e2e_trace_v3,2051,17293970595150562283,12831,guardian,output_pub,7240760609600,493210,493306
202607182026,e2e_trace_v3,2052,17293970595150562283,12832,guardian,proc_enter,7240770452032,493210,493300
202607182026,e2e_trace_v3,2053,17293970595150562283,12832,guardian,output_pub,7240770617888,493210,493300
202607182026,e2e_trace_v3,2054,17293970595150562283,12833,guardian,proc_enter,7240780437920,493210,493310
202607182026,e2e_trace_v3,2055,17293970595150562283,12833,guardian,output_pub,7240780608192,493210,493310
202607182026,e2e_trace_v3,2056,17293970595150562283,12834,guardian,proc_enter,7240790431552,493210,493309
202607182026,e2e_trace_v3,2057,17293970595150562283,12834,guardian,output_pub,7240790572288,493210,493309
202607182026,e2e_trace_v3,2058,17293970595150562283,12835,guardian,proc_enter,7240800411616,493210,493301
202607182026,e2e_trace_v3,2059,17293970595150562283,12835,guardian,output_pub,7240800581536,493210,493301
202607182026,e2e_trace_v3,2060,17293970595150562283,12836,guardian,proc_enter,7240810428512,493210,493309
202607182026,e2e_trace_v3,2061,17293970595150562283,12836,guardian,output_pub,7240810600960,493210,493309
202607182026,e2e_trace_v3,2062,17293970595150562284,12837,guardian,proc_enter,7240820417888,493210,493307
202607182026,e2e_trace_v3,2063,17293970595150562284,12837,guardian,output_pub,7240820583872,493210,493307
202607182026,e2e_trace_v3,2064,17293970595150562284,12838,guardian,proc_enter,7240830451424,493210,493299
202607182026,e2e_trace_v3,2065,17293970595150562284,12838,guardian,output_pub,7240830684256,493210,493299
202607182026,e2e_trace_v3,2066,17293970595150562284,12839,guardian,proc_enter,7240840552384,493210,493300
202607182026,e2e_trace_v3,2067,17293970595150562284,12839,guardian,output_pub,7240840669984,493210,493300
202607182026,e2e_trace_v3,2068,17293970595150562284,12840,guardian,proc_enter,7240850440192,493210,493301
202607182026,e2e_trace_v3,2069,17293970595150562284,12840,guardian,output_pub,7240851519904,493210,493301
202607182026,e2e_trace_v3,2070,17293970595150562284,12841,guardian,proc_enter,7240860470368,493210,493314
202607182026,e2e_trace_v3,2071,17293970595150562284,12841,guardian,output_pub,7240860680480,493210,493314
202607182026,e2e_trace_v3,2072,17293970595150562284,12842,guardian,proc_enter,7240870441856,493210,493304
202607182026,e2e_trace_v3,2073,17293970595150562284,12842,guardian,output_pub,7240870655552,493210,493304
202607182026,e2e_trace_v3,2074,17293970595150562284,12843,guardian,proc_enter,7240880435872,493210,493300
202607182026,e2e_trace_v3,2075,17293970595150562284,12843,guardian,output_pub,7240880540096,493210,493300
202607182026,e2e_trace_v3,2076,17293970595150562284,12844,guardian,proc_enter,7240890408960,493210,493305
202607182026,e2e_trace_v3,2077,17293970595150562284,12844,guardian,output_pub,7240890536864,493210,493305
202607182026,e2e_trace_v3,2078,17293970595150562284,12845,guardian,proc_enter,7240900414176,493210,493301
202607182026,e2e_trace_v3,2079,17293970595150562284,12845,guardian,output_pub,7240900534336,493210,493301
202607182026,e2e_trace_v3,2080,17293970595150562284,12846,guardian,proc_enter,7240910456512,493210,493304
202607182026,e2e_trace_v3,2081,17293970595150562284,12846,guardian,output_pub,7240910612992,493210,493304
202607182026,e2e_trace_v3,2082,17293970595150562284,12847,guardian,proc_enter,7240920435104,493210,493305
202607182026,e2e_trace_v3,2083,17293970595150562284,12847,guardian,output_pub,7240920575488,493210,493305
202607182026,e2e_trace_v3,2084,17293970595150562285,12848,guardian,proc_enter,7240930483648,493210,493302
202607182026,e2e_trace_v3,2085,17293970595150562285,12848,guardian,output_pub,7240930583680,493210,493302
202607182026,e2e_trace_v3,2086,17293970595150562285,12849,guardian,proc_enter,7240940394976,493210,493311
202607182026,e2e_trace_v3,2087,17293970595150562285,12849,guardian,output_pub,7240940509536,493210,493311
202607182026,e2e_trace_v3,2088,17293970595150562285,12850,guardian,proc_enter,7240950493856,493210,493312
202607182026,e2e_trace_v3,2089,17293970595150562285,12850,guardian,output_pub,7240950710848,493210,493312
202607182026,e2e_trace_v3,2090,17293970595150562285,12851,guardian,proc_enter,7240960471328,493210,493302
202607182026,e2e_trace_v3,2091,17293970595150562285,12851,guardian,output_pub,7240960588064,493210,493302
202607182026,e2e_trace_v3,2092,17293970595150562285,12852,guardian,proc_enter,7240972464864,493210,493310
202607182026,e2e_trace_v3,2093,17293970595150562285,12852,guardian,output_pub,7240972655168,493210,493310
202607182026,e2e_trace_v3,2094,17293970595150562285,12853,guardian,proc_enter,7240980445472,493210,493305
202607182026,e2e_trace_v3,2095,17293970595150562285,12853,guardian,output_pub,7240980541984,493210,493305
202607182026,e2e_trace_v3,2096,17293970595150562285,12854,guardian,proc_enter,7240990453536,493210,493314
202607182026,e2e_trace_v3,2097,17293970595150562285,12854,guardian,output_pub,7240990659680,493210,493314
202607182026,e2e_trace_v3,2098,17293970595150562285,12855,guardian,proc_enter,7241000473120,493210,493303
202607182026,e2e_trace_v3,2099,17293970595150562285,12855,guardian,output_pub,7241000773376,493210,493303
202607182026,e2e_trace_v3,2100,17293970595150562285,12856,guardian,proc_enter,7241010483680,493210,493303
202607182026,e2e_trace_v3,2101,17293970595150562285,12856,guardian,output_pub,7241010760352,493210,493303
202607182026,e2e_trace_v3,2102,17293970595150562286,12857,guardian,proc_enter,7241020467936,493210,493299
202607182026,e2e_trace_v3,2103,17293970595150562286,12857,guardian,output_pub,7241020624096,493210,493299
202607182026,e2e_trace_v3,2104,17293970595150562286,12858,guardian,proc_enter,7241030426880,493210,493300
202607182026,e2e_trace_v3,2105,17293970595150562286,12858,guardian,output_pub,7241030597504,493210,493300
202607182026,e2e_trace_v3,2106,17293970595150562286,12859,guardian,proc_enter,7241040581728,493210,493311
202607182026,e2e_trace_v3,2107,17293970595150562286,12859,guardian,output_pub,7241040766432,493210,493311
202607182026,e2e_trace_v3,2108,17293970595150562286,12860,guardian,proc_enter,7241050444288,493210,493307
202607182026,e2e_trace_v3,2109,17293970595150562286,12860,guardian,output_pub,7241050591456,493210,493307
202607182026,e2e_trace_v3,2110,17293970595150562286,12861,guardian,proc_enter,7241060507168,493210,493300
202607182026,e2e_trace_v3,2111,17293970595150562286,12861,guardian,output_pub,7241060704512,493210,493300
202607182026,e2e_trace_v3,2112,17293970595150562286,12862,guardian,proc_enter,7241070472864,493210,493312
202607182026,e2e_trace_v3,2113,17293970595150562286,12862,guardian,output_pub,7241070662880,493210,493312
202607182026,e2e_trace_v3,2114,17293970595150562286,12863,guardian,proc_enter,7241080441120,493210,493300
202607182026,e2e_trace_v3,2115,17293970595150562286,12863,guardian,output_pub,7241080649152,493210,493300
202607182026,e2e_trace_v3,2116,17293970595150562286,12864,guardian,proc_enter,7241090405600,493210,493299
202607182026,e2e_trace_v3,2117,17293970595150562286,12864,guardian,output_pub,7241090583200,493210,493299
202607182026,e2e_trace_v3,2118,17293970595150562286,12865,guardian,proc_enter,7241100394976,493210,493307
202607182026,e2e_trace_v3,2119,17293970595150562286,12865,guardian,output_pub,7241100528032,493210,493307
202607182026,e2e_trace_v3,2120,17293970595150562286,12866,guardian,proc_enter,7241110425984,493210,493304
202607182026,e2e_trace_v3,2121,17293970595150562286,12866,guardian,output_pub,7241110754432,493210,493304
202607182026,e2e_trace_v3,2122,17293970595150562286,12867,guardian,proc_enter,7241120450208,493210,493312
202607182026,e2e_trace_v3,2123,17293970595150562286,12867,guardian,output_pub,7241120648256,493210,493312
202607182026,e2e_trace_v3,2124,17293970595150562287,12868,guardian,proc_enter,7241130435712,493210,493309
202607182026,e2e_trace_v3,2125,17293970595150562287,12868,guardian,output_pub,7241130620384,493210,493309
202607182026,e2e_trace_v3,2126,17293970595150562287,12869,guardian,proc_enter,7241140449984,493210,493305
202607182026,e2e_trace_v3,2127,17293970595150562287,12869,guardian,output_pub,7241140601952,493210,493305
202607182026,e2e_trace_v3,2128,17293970595150562287,12870,guardian,proc_enter,7241150492256,493210,493303
202607182026,e2e_trace_v3,2129,17293970595150562287,12870,guardian,output_pub,7241150676256,493210,493303
202607182026,e2e_trace_v3,2130,17293970595150562287,12871,guardian,proc_enter,7241160446080,493210,493305
202607182026,e2e_trace_v3,2131,17293970595150562287,12871,guardian,output_pub,7241160659648,493210,493305
202607182026,e2e_trace_v3,2132,17293970595150562287,12872,guardian,proc_enter,7241170416800,493210,493314
202607182026,e2e_trace_v3,2133,17293970595150562287,12872,guardian,output_pub,7241170534880,493210,493314
202607182026,e2e_trace_v3,2134,17293970595150562287,12873,guardian,proc_enter,7241180445312,493210,493301
202607182026,e2e_trace_v3,2135,17293970595150562287,12873,guardian,output_pub,7241180608544,493210,493301
202607182026,e2e_trace_v3,2136,17293970595150562287,12874,guardian,proc_enter,7241190394976,493210,493314
202607182026,e2e_trace_v3,2137,17293970595150562287,12874,guardian,output_pub,7241190506272,493210,493314
202607182026,e2e_trace_v3,2138,17293970595150562287,12875,guardian,proc_enter,7241200406816,493210,493305
202607182026,e2e_trace_v3,2139,17293970595150562287,12875,guardian,output_pub,7241200615072,493210,493305
202607182026,e2e_trace_v3,2140,17293970595150562287,12876,guardian,proc_enter,7241210433344,493210,493311
202607182026,e2e_trace_v3,2141,17293970595150562287,12876,guardian,output_pub,7241210608064,493210,493311
202607182026,e2e_trace_v3,2142,17293970595150562287,12877,guardian,proc_enter,7241220483552,493210,493312
202607182026,e2e_trace_v3,2143,17293970595150562287,12877,guardian,output_pub,7241220669568,493210,493312
202607182026,e2e_trace_v3,2144,17293970595150562287,12878,guardian,proc_enter,7241230489664,493210,493308
202607182026,e2e_trace_v3,2145,17293970595150562287,12878,guardian,output_pub,7241230714400,493210,493308
202607182026,e2e_trace_v3,2146,17293970595150562288,12879,guardian,proc_enter,7241240449920,493210,493300
202607182026,e2e_trace_v3,2147,17293970595150562288,12879,guardian,output_pub,7241240596544,493210,493300
202607182026,e2e_trace_v3,2148,17293970595150562288,12880,guardian,proc_enter,7241250424096,493210,493310
202607182026,e2e_trace_v3,2149,17293970595150562288,12880,guardian,output_pub,7241250586016,493210,493310
202607182026,e2e_trace_v3,2150,17293970595150562288,12881,guardian,proc_enter,7241260483168,493210,493310
202607182026,e2e_trace_v3,2151,17293970595150562288,12881,guardian,output_pub,7241260638592,493210,493310
202607182026,e2e_trace_v3,2152,17293970595150562288,12882,guardian,proc_enter,7241270410560,493210,493302
202607182026,e2e_trace_v3,2153,17293970595150562288,12882,guardian,output_pub,7241270542528,493210,493302
202607182026,e2e_trace_v3,2154,17293970595150562288,12883,guardian,proc_enter,7241280419776,493210,493299
202607182026,e2e_trace_v3,2155,17293970595150562288,12883,guardian,output_pub,7241280535680,493210,493299
202607182026,e2e_trace_v3,2156,17293970595150562288,12884,guardian,proc_enter,7241290415776,493210,493308
202607182026,e2e_trace_v3,2157,17293970595150562288,12884,guardian,output_pub,7241290517760,493210,493308
202607182026,e2e_trace_v3,2158,17293970595150562288,12885,guardian,proc_enter,7241300408128,493210,493314
202607182026,e2e_trace_v3,2159,17293970595150562288,12885,guardian,output_pub,7241300512288,493210,493314
202607182026,e2e_trace_v3,2160,17293970595150562288,12886,guardian,proc_enter,7241310399360,493210,493312
202607182026,e2e_trace_v3,2161,17293970595150562288,12886,guardian,output_pub,7241310496320,493210,493312
202607182026,e2e_trace_v3,2162,17293970595150562288,12887,guardian,proc_enter,7241320439072,493210,493310
202607182026,e2e_trace_v3,2163,17293970595150562288,12887,guardian,output_pub,7241320578080,493210,493310
202607182026,e2e_trace_v3,2164,17293970595150562288,12888,guardian,proc_enter,7241330379872,493210,493301
202607182026,e2e_trace_v3,2165,17293970595150562288,12888,guardian,output_pub,7241330478656,493210,493301
202607182026,e2e_trace_v3,2166,17293970595150562288,12889,guardian,proc_enter,7241340405376,493210,493303
202607182026,e2e_trace_v3,2167,17293970595150562288,12889,guardian,output_pub,7241340527744,493210,493303
202607182026,e2e_trace_v3,2168,17293970595150562289,12890,guardian,proc_enter,7241350388448,493210,493299
202607182026,e2e_trace_v3,2169,17293970595150562289,12890,guardian,output_pub,7241350505792,493210,493299
202607182026,e2e_trace_v3,2170,17293970595150562289,12891,guardian,proc_enter,7241360386656,493210,493306
202607182026,e2e_trace_v3,2171,17293970595150562289,12891,guardian,output_pub,7241360502464,493210,493306
202607182026,e2e_trace_v3,2172,17293970595150562289,12892,guardian,proc_enter,7241370431040,493210,493301
202607182026,e2e_trace_v3,2173,17293970595150562289,12892,guardian,output_pub,7241370549184,493210,493301
202607182026,e2e_trace_v3,2174,17293970595150562289,12893,guardian,proc_enter,7241380410560,493210,493300
202607182026,e2e_trace_v3,2175,17293970595150562289,12893,guardian,output_pub,7241380563840,493210,493300
202607182026,e2e_trace_v3,2176,17293970595150562289,12894,guardian,proc_enter,7241390518368,493210,493302
202607182026,e2e_trace_v3,2177,17293970595150562289,12894,guardian,output_pub,7241390661344,493210,493302
202607182026,e2e_trace_v3,2178,17293970595150562289,12895,guardian,proc_enter,7241400454848,493210,493304
202607182026,e2e_trace_v3,2179,17293970595150562289,12895,guardian,output_pub,7241400612640,493210,493304
202607182026,e2e_trace_v3,2180,17293970595150562289,12896,guardian,proc_enter,7241410422240,493210,493312
202607182026,e2e_trace_v3,2181,17293970595150562289,12896,guardian,output_pub,7241410558048,493210,493312
202607182026,e2e_trace_v3,2182,17293970595150562289,12897,guardian,proc_enter,7241420424768,493210,493304
202607182026,e2e_trace_v3,2183,17293970595150562289,12897,guardian,output_pub,7241420567040,493210,493304
202607182026,e2e_trace_v3,2184,17293970595150562289,12898,guardian,proc_enter,7241430429632,493210,493312
202607182026,e2e_trace_v3,2185,17293970595150562289,12898,guardian,output_pub,7241430572128,493210,493312
202607182026,e2e_trace_v3,2186,17293970595150562289,12899,guardian,proc_enter,7241440410816,493210,493307
202607182026,e2e_trace_v3,2187,17293970595150562289,12899,guardian,output_pub,7241440556576,493210,493307
202607182026,e2e_trace_v3,2188,17293970595150562290,12900,guardian,proc_enter,7241450434752,493210,493299
202607182026,e2e_trace_v3,2189,17293970595150562290,12900,guardian,output_pub,7241450575456,493210,493299
202607182026,e2e_trace_v3,2190,17293970595150562290,12901,guardian,proc_enter,7241460455392,493210,493300
202607182026,e2e_trace_v3,2191,17293970595150562290,12901,guardian,output_pub,7241460596896,493210,493300
202607182026,e2e_trace_v3,2192,17293970595150562290,12902,guardian,proc_enter,7241470430816,493210,493307
202607182026,e2e_trace_v3,2193,17293970595150562290,12902,guardian,output_pub,7241470636768,493210,493307
202607182026,e2e_trace_v3,2194,17293970595150562290,12903,guardian,proc_enter,7241480408576,493210,493308
202607182026,e2e_trace_v3,2195,17293970595150562290,12903,guardian,output_pub,7241480517856,493210,493308
202607182026,e2e_trace_v3,2196,17293970595150562290,12904,guardian,proc_enter,7241490506848,493210,493313
202607182026,e2e_trace_v3,2197,17293970595150562290,12904,guardian,output_pub,7241490600672,493210,493313
202607182026,e2e_trace_v3,2198,17293970595150562290,12905,guardian,proc_enter,7241500586144,493210,493304
202607182026,e2e_trace_v3,2199,17293970595150562290,12905,guardian,output_pub,7241500770496,493210,493304
202607182026,e2e_trace_v3,2200,17293970595150562290,12906,guardian,proc_enter,7241510437632,493210,493302
202607182026,e2e_trace_v3,2201,17293970595150562290,12906,guardian,output_pub,7241510574752,493210,493302
202607182026,e2e_trace_v3,2202,17293970595150562290,12907,guardian,proc_enter,7241527862208,493210,493302
202607182026,e2e_trace_v3,2203,17293970595150562290,12907,guardian,output_pub,7241528008640,493210,493302
202607182026,e2e_trace_v3,2204,17293970595150562290,12908,guardian,proc_enter,7241529844896,493210,493303
202607182026,e2e_trace_v3,2205,17293970595150562290,12908,guardian,output_pub,7241529937280,493210,493303
202607182026,e2e_trace_v3,2206,17293970595150562290,12909,guardian,proc_enter,7241539845632,493210,493309
202607182026,e2e_trace_v3,2207,17293970595150562290,12909,guardian,output_pub,7241539947200,493210,493309
202607182026,e2e_trace_v3,2208,17293970595150562290,12910,guardian,proc_enter,7241549856320,493210,493313
202607182026,e2e_trace_v3,2209,17293970595150562290,12910,guardian,output_pub,7241549951840,493210,493313
202607182026,e2e_trace_v3,2210,17293970595150562290,12911,guardian,proc_enter,7241559867008,493210,493301
202607182026,e2e_trace_v3,2211,17293970595150562290,12911,guardian,output_pub,7241559988576,493210,493301
202607182026,e2e_trace_v3,2212,17293970595150562291,12912,guardian,proc_enter,7241569882976,493210,493299
202607182026,e2e_trace_v3,2213,17293970595150562291,12912,guardian,output_pub,7241570017216,493210,493299
202607182026,e2e_trace_v3,2214,17293970595150562291,12913,guardian,proc_enter,7241579881952,493210,493301
202607182026,e2e_trace_v3,2215,17293970595150562291,12913,guardian,output_pub,7241579993248,493210,493301
202607182026,e2e_trace_v3,2216,17293970595150562291,12914,guardian,proc_enter,7241589863904,493210,493304
202607182026,e2e_trace_v3,2217,17293970595150562291,12914,guardian,output_pub,7241590007008,493210,493304
202607182026,e2e_trace_v3,2218,17293970595150562291,12915,guardian,proc_enter,7241599941440,493210,493306
202607182026,e2e_trace_v3,2219,17293970595150562291,12915,guardian,output_pub,7241600081408,493210,493306
202607182026,e2e_trace_v3,2220,17293970595150562291,12916,guardian,proc_enter,7241609871744,493210,493302
202607182026,e2e_trace_v3,2221,17293970595150562291,12916,guardian,output_pub,7241609976192,493210,493302
202607182026,e2e_trace_v3,2222,17293970595150562291,12917,guardian,proc_enter,7241619838592,493210,493303
202607182026,e2e_trace_v3,2223,17293970595150562291,12917,guardian,output_pub,7241620005440,493210,493303
202607182026,e2e_trace_v3,2224,17293970595150562291,12918,guardian,proc_enter,7241629844864,493210,493304
202607182026,e2e_trace_v3,2225,17293970595150562291,12918,guardian,output_pub,7241629968064,493210,493304
202607182026,e2e_trace_v3,2226,17293970595150562291,12919,guardian,proc_enter,7241644427008,493210,493305
202607182026,e2e_trace_v3,2227,17293970595150562291,12919,guardian,output_pub,7241644515232,493210,493305
202607182026,e2e_trace_v3,2228,17293970595150562291,12920,guardian,proc_enter,7241650411456,493210,493312
202607182026,e2e_trace_v3,2229,17293970595150562291,12920,guardian,output_pub,7241650499200,493210,493312
202607182026,e2e_trace_v3,2230,17293970595150562291,12921,guardian,proc_enter,7241660422592,493210,493312
202607182026,e2e_trace_v3,2231,17293970595150562291,12921,guardian,output_pub,7241660558848,493210,493312
202607182026,e2e_trace_v3,2232,17293970595150562292,12922,guardian,proc_enter,7241670408928,493210,493301
202607182026,e2e_trace_v3,2233,17293970595150562292,12922,guardian,output_pub,7241670476960,493210,493301
202607182026,e2e_trace_v3,2234,17293970595150562292,12923,guardian,proc_enter,7241680430336,493210,493299
202607182026,e2e_trace_v3,2235,17293970595150562292,12923,guardian,output_pub,7241680607648,493210,493299
202607182026,e2e_trace_v3,2236,17293970595150562292,12924,guardian,proc_enter,7241690405600,493210,493311
202607182026,e2e_trace_v3,2237,17293970595150562292,12924,guardian,output_pub,7241690503744,493210,493311
202607182026,e2e_trace_v3,2238,17293970595150562292,12925,guardian,proc_enter,7241700421760,493210,493301
202607182026,e2e_trace_v3,2239,17293970595150562292,12925,guardian,output_pub,7241700530080,493210,493301
202607182026,e2e_trace_v3,2240,17293970595150562292,12926,guardian,proc_enter,7241710427680,493210,493311
202607182026,e2e_trace_v3,2241,17293970595150562292,12926,guardian,output_pub,7241710568384,493210,493311
202607182026,e2e_trace_v3,2242,17293970595150562292,12927,guardian,proc_enter,7241720431456,493210,493301
202607182026,e2e_trace_v3,2243,17293970595150562292,12927,guardian,output_pub,7241720543136,493210,493301
202607182026,e2e_trace_v3,2244,17293970595150562292,12928,guardian,proc_enter,7241730426432,493210,493309
202607182026,e2e_trace_v3,2245,17293970595150562292,12928,guardian,output_pub,7241730638944,493210,493309
202607182026,e2e_trace_v3,2246,17293970595150562292,12929,guardian,proc_enter,7241740461280,493210,493300
202607182026,e2e_trace_v3,2247,17293970595150562292,12929,guardian,output_pub,7241740646848,493210,493300
202607182026,e2e_trace_v3,2248,17293970595150562292,12930,guardian,proc_enter,7241750460128,493210,493311
202607182026,e2e_trace_v3,2249,17293970595150562292,12930,guardian,output_pub,7241750660704,493210,493311
202607182026,e2e_trace_v3,2250,17293970595150562292,12931,guardian,proc_enter,7241760468480,493210,493300
202607182026,e2e_trace_v3,2251,17293970595150562292,12931,guardian,output_pub,7241760620704,493210,493300
202607182026,e2e_trace_v3,2252,17293970595150562292,12932,guardian,proc_enter,7241770422144,493210,493302
202607182026,e2e_trace_v3,2253,17293970595150562292,12932,guardian,output_pub,7241770657632,493210,493302
202607182026,e2e_trace_v3,2254,17293970595150562292,12933,guardian,proc_enter,7241780448544,493210,493308
202607182026,e2e_trace_v3,2255,17293970595150562292,12933,guardian,output_pub,7241780625248,493210,493308
202607182026,e2e_trace_v3,2256,17293970595150562292,12934,guardian,proc_enter,7241790450144,493210,493313
202607182026,e2e_trace_v3,2257,17293970595150562292,12934,guardian,output_pub,7241790561536,493210,493313
202607182026,e2e_trace_v3,2258,17293970595150562292,12935,guardian,proc_enter,7241800425248,493210,493312
202607182026,e2e_trace_v3,2259,17293970595150562292,12935,guardian,output_pub,7241800622688,493210,493312
202607182026,e2e_trace_v3,2260,17293970595150562293,12936,guardian,proc_enter,7241810426304,493210,493309
202607182026,e2e_trace_v3,2261,17293970595150562293,12936,guardian,output_pub,7241810569632,493210,493309
202607182026,e2e_trace_v3,2262,17293970595150562293,12937,guardian,proc_enter,7241820415872,493210,493313
202607182026,e2e_trace_v3,2263,17293970595150562293,12937,guardian,output_pub,7241820527616,493210,493313
202607182026,e2e_trace_v3,2264,17293970595150562293,12938,guardian,proc_enter,7241830408864,493210,493300
202607182026,e2e_trace_v3,2265,17293970595150562293,12938,guardian,output_pub,7241830565184,493210,493300
202607182026,e2e_trace_v3,2266,17293970595150562293,12939,guardian,proc_enter,7241840476800,493210,493312
202607182026,e2e_trace_v3,2267,17293970595150562293,12939,guardian,output_pub,7241840621280,493210,493312
202607182026,e2e_trace_v3,2268,17293970595150562293,12940,guardian,proc_enter,7241850430304,493210,493307
202607182026,e2e_trace_v3,2269,17293970595150562293,12940,guardian,output_pub,7241850545824,493210,493307
202607182026,e2e_trace_v3,2270,17293970595150562293,12941,guardian,proc_enter,7241860433824,493210,493313
202607182026,e2e_trace_v3,2271,17293970595150562293,12941,guardian,output_pub,7241860543072,493210,493313
202607182026,e2e_trace_v3,2272,17293970595150562293,12942,guardian,proc_enter,7241870394048,493210,493313
202607182026,e2e_trace_v3,2273,17293970595150562293,12942,guardian,output_pub,7241870520480,493210,493313
202607182026,e2e_trace_v3,2274,17293970595150562293,12943,guardian,proc_enter,7241880436928,493210,493313
202607182026,e2e_trace_v3,2275,17293970595150562293,12943,guardian,output_pub,7241880600288,493210,493313
202607182026,e2e_trace_v3,2276,17293970595150562293,12944,guardian,proc_enter,7241890437888,493210,493299
202607182026,e2e_trace_v3,2277,17293970595150562293,12944,guardian,output_pub,7241890575808,493210,493299
202607182026,e2e_trace_v3,2278,17293970595150562293,12945,guardian,proc_enter,7241900427488,493210,493305
202607182026,e2e_trace_v3,2279,17293970595150562293,12945,guardian,output_pub,7241900543872,493210,493305
202607182026,e2e_trace_v3,2280,17293970595150562293,12946,guardian,proc_enter,7241910446272,493210,493308
202607182026,e2e_trace_v3,2281,17293970595150562293,12946,guardian,output_pub,7241910577120,493210,493308
202607182026,e2e_trace_v3,2282,17293970595150562294,12947,guardian,proc_enter,7241920405600,493210,493314
202607182026,e2e_trace_v3,2283,17293970595150562294,12947,guardian,output_pub,7241920532576,493210,493314
202607182026,e2e_trace_v3,2284,17293970595150562294,12948,guardian,proc_enter,7241930390560,493210,493312
202607182026,e2e_trace_v3,2285,17293970595150562294,12948,guardian,output_pub,7241930544928,493210,493312
202607182026,e2e_trace_v3,2286,17293970595150562294,12949,guardian,proc_enter,7241940378400,493210,493305
202607182026,e2e_trace_v3,2287,17293970595150562294,12949,guardian,output_pub,7241940491616,493210,493305
202607182026,e2e_trace_v3,2288,17293970595150562294,12950,guardian,proc_enter,7241950426656,493210,493309
202607182026,e2e_trace_v3,2289,17293970595150562294,12950,guardian,output_pub,7241950563360,493210,493309
202607182026,e2e_trace_v3,2290,17293970595150562294,12951,guardian,proc_enter,7241960444512,493210,493308
202607182026,e2e_trace_v3,2291,17293970595150562294,12951,guardian,output_pub,7241960598368,493210,493308
202607182026,e2e_trace_v3,2292,17293970595150562294,12952,guardian,proc_enter,7241970436096,493210,493306
202607182026,e2e_trace_v3,2293,17293970595150562294,12952,guardian,output_pub,7241970567200,493210,493306
202607182026,e2e_trace_v3,2294,17293970595150562294,12953,guardian,proc_enter,7241980396000,493210,493313
202607182026,e2e_trace_v3,2295,17293970595150562294,12953,guardian,output_pub,7241980544608,493210,493313
202607182026,e2e_trace_v3,2296,17293970595150562295,12954,guardian,proc_enter,7241996392832,493210,493308
202607182026,e2e_trace_v3,2297,17293970595150562295,12954,guardian,output_pub,7241996533024,493210,493308
202607182026,e2e_trace_v3,2298,17293970595150562295,12955,guardian,proc_enter,7242000376800,493210,493307
202607182026,e2e_trace_v3,2299,17293970595150562295,12955,guardian,output_pub,7242000471936,493210,493307
202607182026,e2e_trace_v3,2300,17293970595150562295,12956,guardian,proc_enter,7242010383808,493210,493306
202607182026,e2e_trace_v3,2301,17293970595150562295,12956,guardian,output_pub,7242010533824,493210,493306
202607182026,e2e_trace_v3,2302,17293970595150562295,12957,guardian,proc_enter,7242020391840,493210,493299
202607182026,e2e_trace_v3,2303,17293970595150562295,12957,guardian,output_pub,7242020518048,493210,493299
202607182026,e2e_trace_v3,2304,17293970595150562295,12958,guardian,proc_enter,7242030377472,493210,493312
202607182026,e2e_trace_v3,2305,17293970595150562295,12958,guardian,output_pub,7242030540416,493210,493312
202607182026,e2e_trace_v3,2306,17293970595150562295,12959,guardian,proc_enter,7242040380320,493210,493299
202607182026,e2e_trace_v3,2307,17293970595150562295,12959,guardian,output_pub,7242040479456,493210,493299
202607182026,e2e_trace_v3,2308,17293970595150562295,12960,guardian,proc_enter,7242050367552,493210,493301
202607182026,e2e_trace_v3,2309,17293970595150562295,12960,guardian,output_pub,7242050494400,493210,493301
202607182026,e2e_trace_v3,2310,17293970595150562295,12961,guardian,proc_enter,7242060410528,493210,493313
202607182026,e2e_trace_v3,2311,17293970595150562295,12961,guardian,output_pub,7242060571808,493210,493313
202607182026,e2e_trace_v3,2312,17293970595150562295,12962,guardian,proc_enter,7242070419168,493210,493314
202607182026,e2e_trace_v3,2313,17293970595150562295,12962,guardian,output_pub,7242070580832,493210,493314
202607182026,e2e_trace_v3,2314,17293970595150562295,12963,guardian,proc_enter,7242080443488,493210,493313
202607182026,e2e_trace_v3,2315,17293970595150562295,12963,guardian,output_pub,7242080594304,493210,493313
202607182026,e2e_trace_v3,2316,17293970595150562295,12964,guardian,proc_enter,7242092570624,493210,493307
202607182026,e2e_trace_v3,2317,17293970595150562295,12964,guardian,output_pub,7242092738240,493210,493307
202607182026,e2e_trace_v3,2318,17293970595150562295,12965,guardian,proc_enter,7242100551232,493210,493300
202607182026,e2e_trace_v3,2319,17293970595150562295,12965,guardian,output_pub,7242100674528,493210,493300
202607182026,e2e_trace_v3,2320,17293970595150562295,12966,guardian,proc_enter,7242110542432,493210,493308
202607182026,e2e_trace_v3,2321,17293970595150562295,12966,guardian,output_pub,7242110661952,493210,493308
202607182026,e2e_trace_v3,2322,17293970595150562296,12967,guardian,proc_enter,7242120530336,493210,493313
202607182026,e2e_trace_v3,2323,17293970595150562296,12967,guardian,output_pub,7242120654688,493210,493313
