run_id,schema_version,fusion_trace_id,parent_trace_id,sensor,sensor_kind,frame_time_ns,sensor_ts_ns,object_count,is_main_sensor
202607271206,e2e_trace_v3,17293833482614604474,216183695625683636,radar_front,radar,1785125187119054616,1785125187119054616,0,0
202607271206,e2e_trace_v3,17293833482614604474,72068507549827808,velodyne64,lidar,1785125187119054616,1785125187119054616,0,1
202607271206,e2e_trace_v3,17293833482614604475,216183695625683637,radar_front,radar,1785125187219287231,1785125187219287231,0,0
202607271206,e2e_trace_v3,17293833482614604475,72068507549827809,velodyne64,lidar,1785125187219287231,1785125187219287231,0,1
202607271206,e2e_trace_v3,17293833482614604476,216183695625683637,radar_front,radar,1785125187319497251,1785125187319497251,0,0
202607271206,e2e_trace_v3,17293833482614604476,72068507549827810,velodyne64,lidar,1785125187319497251,1785125187319497251,0,1
202607271206,e2e_trace_v3,17293833482614604477,216183695625683638,radar_front,radar,1785125187419669972,1785125187419669972,0,0
202607271206,e2e_trace_v3,17293833482614604477,72068507549827811,velodyne64,lidar,1785125187419669972,1785125187419669972,0,1
202607271206,e2e_trace_v3,17293833482614604478,216183695625683638,radar_front,radar,1785125187518464909,1785125187518464909,0,0
202607271206,e2e_trace_v3,17293833482614604478,72068507549827812,velodyne64,lidar,1785125187518464909,1785125187518464909,0,1
202607271206,e2e_trace_v3,17293833482614604479,72068507549827813,velodyne64,lidar,1785125187618475219,1785125187618475219,0,1
202607271206,e2e_trace_v3,17293833482614604480,216183695625683639,radar_front,radar,1785125187718453594,1785125187718453594,0,0
202607271206,e2e_trace_v3,17293833482614604480,72068507549827814,velodyne64,lidar,1785125187718453594,1785125187718453594,0,1
202607271206,e2e_trace_v3,17293833482614604481,216183695625683640,radar_front,radar,1785125187818534560,1785125187818534560,0,0
202607271206,e2e_trace_v3,17293833482614604481,72068507549827815,velodyne64,lidar,1785125187818534560,1785125187818534560,0,1
202607271206,e2e_trace_v3,17293833482614604482,216183695625683640,radar_front,radar,1785125187919243463,1785125187919243463,0,0
202607271206,e2e_trace_v3,17293833482614604482,72068507549827816,velodyne64,lidar,1785125187919243463,1785125187919243463,0,1
202607271206,e2e_trace_v3,17293833482614604483,216183695625683641,radar_front,radar,1785125188018623874,1785125188018623874,0,0
202607271206,e2e_trace_v3,17293833482614604483,72068507549827817,velodyne64,lidar,1785125188018623874,1785125188018623874,0,1
202607271206,e2e_trace_v3,17293833482614604484,216183695625683642,radar_front,radar,1785125188118648979,1785125188118648979,0,0
202607271206,e2e_trace_v3,17293833482614604484,72068507549827818,velodyne64,lidar,1785125188118648979,1785125188118648979,0,1
202607271206,e2e_trace_v3,17293833482614604485,216183695625683643,radar_front,radar,1785125188219844568,1785125188219844568,0,0
202607271206,e2e_trace_v3,17293833482614604485,72068507549827819,velodyne64,lidar,1785125188219844568,1785125188219844568,0,1
202607271206,e2e_trace_v3,17293833482614604486,216183695625683644,radar_front,radar,1785125188319058274,1785125188319058274,0,0
202607271206,e2e_trace_v3,17293833482614604486,72068507549827820,velodyne64,lidar,1785125188319058274,1785125188319058274,0,1
202607271206,e2e_trace_v3,17293833482614604487,216183695625683644,radar_front,radar,1785125188418782871,1785125188418782871,0,0
202607271206,e2e_trace_v3,17293833482614604487,72068507549827821,velodyne64,lidar,1785125188418782871,1785125188418782871,0,1
202607271206,e2e_trace_v3,17293833482614604488,72068507549827822,velodyne64,lidar,1785125188519419168,1785125188519419168,0,1
202607271206,e2e_trace_v3,17293833482614604489,216183695625683645,radar_front,radar,1785125188618455772,1785125188618455772,0,0
202607271206,e2e_trace_v3,17293833482614604489,72068507549827823,velodyne64,lidar,1785125188618455772,1785125188618455772,0,1
202607271206,e2e_trace_v3,17293833482614604490,216183695625683646,radar_front,radar,1785125188718679840,1785125188718679840,0,0
202607271206,e2e_trace_v3,17293833482614604490,72068507549827824,velodyne64,lidar,1785125188718679840,1785125188718679840,0,1
202607271206,e2e_trace_v3,17293833482614604491,216183695625683647,radar_front,radar,1785125188818453880,1785125188818453880,0,0
202607271206,e2e_trace_v3,17293833482614604491,72068507549827825,velodyne64,lidar,1785125188818453880,1785125188818453880,0,1
202607271206,e2e_trace_v3,17293833482614604492,216183695625683648,radar_front,radar,1785125188919478336,1785125188919478336,0,0
202607271206,e2e_trace_v3,17293833482614604492,72068507549827826,velodyne64,lidar,1785125188919478336,1785125188919478336,0,1
202607271206,e2e_trace_v3,17293833482614604493,216183695625683648,radar_front,radar,1785125189019142168,1785125189019142168,0,0
202607271206,e2e_trace_v3,17293833482614604493,72068507549827827,velodyne64,lidar,1785125189019142168,1785125189019142168,0,1
202607271206,e2e_trace_v3,17293833482614604494,216183695625683649,radar_front,radar,1785125189118593716,1785125189118593716,0,0
202607271206,e2e_trace_v3,17293833482614604494,72068507549827828,velodyne64,lidar,1785125189118593716,1785125189118593716,0,1
202607271206,e2e_trace_v3,17293833482614604495,216183695625683650,radar_front,radar,1785125189219183464,1785125189219183464,0,0
202607271206,e2e_trace_v3,17293833482614604495,72068507549827829,velodyne64,lidar,1785125189219183464,1785125189219183464,0,1
202607271206,e2e_trace_v3,17293833482614604496,216183695625683651,radar_front,radar,1785125189318503229,1785125189318503229,0,0
202607271206,e2e_trace_v3,17293833482614604496,72068507549827830,velodyne64,lidar,1785125189318503229,1785125189318503229,0,1
202607271206,e2e_trace_v3,17293833482614604497,216183695625683652,radar_front,radar,1785125189418717354,1785125189418717354,0,0
202607271206,e2e_trace_v3,17293833482614604497,72068507549827831,velodyne64,lidar,1785125189418717354,1785125189418717354,0,1
202607271206,e2e_trace_v3,17293833482614604498,216183695625683653,radar_front,radar,1785125189519153328,1785125189519153328,0,0
202607271206,e2e_trace_v3,17293833482614604498,72068507549827832,velodyne64,lidar,1785125189519153328,1785125189519153328,0,1
202607271206,e2e_trace_v3,17293833482614604499,216183695625683654,radar_front,radar,1785125189619268128,1785125189619268128,0,0
202607271206,e2e_trace_v3,17293833482614604499,72068507549827833,velodyne64,lidar,1785125189619268128,1785125189619268128,0,1
202607271206,e2e_trace_v3,17293833482614604500,216183695625683655,radar_front,radar,1785125189719498564,1785125189719498564,0,0
202607271206,e2e_trace_v3,17293833482614604500,72068507549827834,velodyne64,lidar,1785125189719498564,1785125189719498564,0,1
202607271206,e2e_trace_v3,17293833482614604501,216183695625683656,radar_front,radar,1785125189819053003,1785125189819053003,0,0
202607271206,e2e_trace_v3,17293833482614604501,72068507549827835,velodyne64,lidar,1785125189819053003,1785125189819053003,0,1
202607271206,e2e_trace_v3,17293833482614604502,216183695625683657,radar_front,radar,1785125189919006987,1785125189919006987,0,0
202607271206,e2e_trace_v3,17293833482614604502,72068507549827836,velodyne64,lidar,1785125189919006987,1785125189919006987,0,1
202607271206,e2e_trace_v3,17293833482614604503,216183695625683658,radar_front,radar,1785125190018713984,1785125190018713984,0,0
202607271206,e2e_trace_v3,17293833482614604503,72068507549827837,velodyne64,lidar,1785125190018713984,1785125190018713984,0,1
202607271206,e2e_trace_v3,17293833482614604504,216183695625683660,radar_front,radar,1785125190130871503,1785125190130871503,0,0
202607271206,e2e_trace_v3,17293833482614604504,72068507549827838,velodyne64,lidar,1785125190130871503,1785125190130871503,0,1
202607271206,e2e_trace_v3,17293833482614604505,216183695625683661,radar_front,radar,1785125190236040259,1785125190236040259,0,0
202607271206,e2e_trace_v3,17293833482614604505,72068507549827839,velodyne64,lidar,1785125190236040259,1785125190236040259,0,1
202607271206,e2e_trace_v3,17293833482614604506,216183695625683662,radar_front,radar,1785125190323446284,1785125190323446284,0,0
202607271206,e2e_trace_v3,17293833482614604506,72068507549827840,velodyne64,lidar,1785125190323446284,1785125190323446284,0,1
202607271206,e2e_trace_v3,17293833482614604507,216183695625683662,radar_front,radar,1785125190418993675,1785125190418993675,0,0
202607271206,e2e_trace_v3,17293833482614604507,72068507549827841,velodyne64,lidar,1785125190418993675,1785125190418993675,0,1
202607271206,e2e_trace_v3,17293833482614604508,216183695625683663,radar_front,radar,1785125190518696858,1785125190518696858,0,0
202607271206,e2e_trace_v3,17293833482614604508,72068507549827842,velodyne64,lidar,1785125190518696858,1785125190518696858,0,1
202607271206,e2e_trace_v3,17293833482614604509,216183695625683664,radar_front,radar,1785125190619418431,1785125190619418431,0,0
202607271206,e2e_trace_v3,17293833482614604509,72068507549827843,velodyne64,lidar,1785125190619418431,1785125190619418431,0,1
202607271206,e2e_trace_v3,17293833482614604510,216183695625683665,radar_front,radar,1785125190718501876,1785125190718501876,0,0
202607271206,e2e_trace_v3,17293833482614604510,72068507549827844,velodyne64,lidar,1785125190718501876,1785125190718501876,0,1
202607271206,e2e_trace_v3,17293833482614604511,216183695625683667,radar_front,radar,1785125190818400261,1785125190818400261,0,0
202607271206,e2e_trace_v3,17293833482614604511,72068507549827845,velodyne64,lidar,1785125190818400261,1785125190818400261,0,1
202607271206,e2e_trace_v3,17293833482614604512,216183695625683667,radar_front,radar,1785125190918542037,1785125190918542037,0,0
202607271206,e2e_trace_v3,17293833482614604512,72068507549827846,velodyne64,lidar,1785125190918542037,1785125190918542037,0,1
202607271206,e2e_trace_v3,17293833482614604513,216183695625683668,radar_front,radar,1785125191018582173,1785125191018582173,0,0
202607271206,e2e_trace_v3,17293833482614604513,72068507549827847,velodyne64,lidar,1785125191018582173,1785125191018582173,0,1
202607271206,e2e_trace_v3,17293833482614604514,216183695625683669,radar_front,radar,1785125191118784162,1785125191118784162,0,0
202607271206,e2e_trace_v3,17293833482614604514,72068507549827848,velodyne64,lidar,1785125191118784162,1785125191118784162,0,1
202607271206,e2e_trace_v3,17293833482614604515,216183695625683670,radar_front,radar,1785125191218500861,1785125191218500861,0,0
202607271206,e2e_trace_v3,17293833482614604515,72068507549827849,velodyne64,lidar,1785125191218500861,1785125191218500861,0,1
202607271206,e2e_trace_v3,17293833482614604516,216183695625683671,radar_front,radar,1785125191318729709,1785125191318729709,0,0
202607271206,e2e_trace_v3,17293833482614604516,72068507549827850,velodyne64,lidar,1785125191318729709,1785125191318729709,0,1
202607271206,e2e_trace_v3,17293833482614604517,216183695625683672,radar_front,radar,1785125191419153321,1785125191419153321,0,0
202607271206,e2e_trace_v3,17293833482614604517,72068507549827851,velodyne64,lidar,1785125191419153321,1785125191419153321,0,1
202607271206,e2e_trace_v3,17293833482614604518,216183695625683673,radar_front,radar,1785125191518478841,1785125191518478841,0,0
202607271206,e2e_trace_v3,17293833482614604518,72068507549827852,velodyne64,lidar,1785125191518478841,1785125191518478841,0,1
202607271206,e2e_trace_v3,17293833482614604519,216183695625683674,radar_front,radar,1785125191618521474,1785125191618521474,0,0
202607271206,e2e_trace_v3,17293833482614604519,72068507549827853,velodyne64,lidar,1785125191618521474,1785125191618521474,0,1
202607271206,e2e_trace_v3,17293833482614604520,216183695625683675,radar_front,radar,1785125191718545816,1785125191718545816,0,0
202607271206,e2e_trace_v3,17293833482614604520,72068507549827854,velodyne64,lidar,1785125191718545816,1785125191718545816,0,1
202607271206,e2e_trace_v3,17293833482614604521,216183695625683676,radar_front,radar,1785125191818855695,1785125191818855695,0,0
202607271206,e2e_trace_v3,17293833482614604521,72068507549827855,velodyne64,lidar,1785125191818855695,1785125191818855695,0,1
202607271206,e2e_trace_v3,17293833482614604522,216183695625683677,radar_front,radar,1785125191918872865,1785125191918872865,0,0
202607271206,e2e_trace_v3,17293833482614604522,72068507549827856,velodyne64,lidar,1785125191918872865,1785125191918872865,0,1
202607271206,e2e_trace_v3,17293833482614604523,216183695625683678,radar_front,radar,1785125192018729096,1785125192018729096,0,0
202607271206,e2e_trace_v3,17293833482614604523,72068507549827857,velodyne64,lidar,1785125192018729096,1785125192018729096,0,1
202607271206,e2e_trace_v3,17293833482614604524,216183695625683679,radar_front,radar,1785125192119158342,1785125192119158342,0,0
202607271206,e2e_trace_v3,17293833482614604524,72068507549827858,velodyne64,lidar,1785125192119158342,1785125192119158342,0,1
202607271206,e2e_trace_v3,17293833482614604525,216183695625683680,radar_front,radar,1785125192218776198,1785125192218776198,0,0
202607271206,e2e_trace_v3,17293833482614604525,72068507549827859,velodyne64,lidar,1785125192218776198,1785125192218776198,0,1
202607271206,e2e_trace_v3,17293833482614604526,216183695625683682,radar_front,radar,1785125192319277883,1785125192319277883,0,0
202607271206,e2e_trace_v3,17293833482614604526,72068507549827860,velodyne64,lidar,1785125192319277883,1785125192319277883,0,1
202607271206,e2e_trace_v3,17293833482614604527,72068507549827861,velodyne64,lidar,1785125192418707325,1785125192418707325,0,1
202607271206,e2e_trace_v3,17293833482614604528,216183695625683684,radar_front,radar,1785125192618610838,1785125192618610838,0,0
202607271206,e2e_trace_v3,17293833482614604528,72068507549827863,velodyne64,lidar,1785125192618610838,1785125192618610838,0,1
202607271206,e2e_trace_v3,17293833482614604529,216183695625683685,radar_front,radar,1785125192718771801,1785125192718771801,0,0
202607271206,e2e_trace_v3,17293833482614604529,72068507549827864,velodyne64,lidar,1785125192718771801,1785125192718771801,0,1
202607271206,e2e_trace_v3,17293833482614604530,216183695625683686,radar_front,radar,1785125192918651734,1785125192918651734,0,0
202607271206,e2e_trace_v3,17293833482614604530,72068507549827866,velodyne64,lidar,1785125192918651734,1785125192918651734,0,1
202607271206,e2e_trace_v3,17293833482614604531,216183695625683688,radar_front,radar,1785125193119093361,1785125193119093361,0,0
202607271206,e2e_trace_v3,17293833482614604531,72068507549827868,velodyne64,lidar,1785125193119093361,1785125193119093361,0,1
202607271206,e2e_trace_v3,17293833482614604532,216183695625683690,radar_front,radar,1785125193318693550,1785125193318693550,0,0
202607271206,e2e_trace_v3,17293833482614604532,72068507549827870,velodyne64,lidar,1785125193318693550,1785125193318693550,0,1
202607271206,e2e_trace_v3,17293833482614604533,216183695625683691,radar_front,radar,1785125193519061661,1785125193519061661,0,0
202607271206,e2e_trace_v3,17293833482614604533,72068507549827872,velodyne64,lidar,1785125193519061661,1785125193519061661,0,1
202607271206,e2e_trace_v3,17293833482614604534,216183695625683692,radar_front,radar,1785125193619112727,1785125193619112727,0,0
202607271206,e2e_trace_v3,17293833482614604534,72068507549827873,velodyne64,lidar,1785125193619112727,1785125193619112727,0,1
202607271206,e2e_trace_v3,17293833482614604535,216183695625683693,radar_front,radar,1785125193723772028,1785125193723772028,0,0
202607271206,e2e_trace_v3,17293833482614604535,72068507549827874,velodyne64,lidar,1785125193723772028,1785125193723772028,0,1
202607271206,e2e_trace_v3,17293833482614604536,216183695625683694,radar_front,radar,1785125193818425349,1785125193818425349,0,0
202607271206,e2e_trace_v3,17293833482614604536,72068507549827875,velodyne64,lidar,1785125193818425349,1785125193818425349,0,1
202607271206,e2e_trace_v3,17293833482614604537,216183695625683695,radar_front,radar,1785125193919141395,1785125193919141395,0,0
202607271206,e2e_trace_v3,17293833482614604537,72068507549827876,velodyne64,lidar,1785125193919141395,1785125193919141395,0,1
202607271206,e2e_trace_v3,17293833482614604538,216183695625683695,radar_front,radar,1785125194020059837,1785125194020059837,0,0
202607271206,e2e_trace_v3,17293833482614604538,72068507549827877,velodyne64,lidar,1785125194020059837,1785125194020059837,0,1
202607271206,e2e_trace_v3,17293833482614604539,216183695625683696,radar_front,radar,1785125194118616902,1785125194118616902,0,0
202607271206,e2e_trace_v3,17293833482614604539,72068507549827878,velodyne64,lidar,1785125194118616902,1785125194118616902,0,1
202607271206,e2e_trace_v3,17293833482614604540,216183695625683697,radar_front,radar,1785125194219461550,1785125194219461550,0,0
202607271206,e2e_trace_v3,17293833482614604540,72068507549827879,velodyne64,lidar,1785125194219461550,1785125194219461550,0,1
202607271206,e2e_trace_v3,17293833482614604541,216183695625683698,radar_front,radar,1785125194319155073,1785125194319155073,0,0
202607271206,e2e_trace_v3,17293833482614604541,72068507549827880,velodyne64,lidar,1785125194319155073,1785125194319155073,0,1
202607271206,e2e_trace_v3,17293833482614604542,216183695625683699,radar_front,radar,1785125194418979529,1785125194418979529,0,0
202607271206,e2e_trace_v3,17293833482614604542,72068507549827881,velodyne64,lidar,1785125194418979529,1785125194418979529,0,1
202607271206,e2e_trace_v3,17293833482614604543,216183695625683700,radar_front,radar,1785125194519656459,1785125194519656459,0,0
202607271206,e2e_trace_v3,17293833482614604543,72068507549827882,velodyne64,lidar,1785125194519656459,1785125194519656459,0,1
202607271206,e2e_trace_v3,17293833482614604544,216183695625683700,radar_front,radar,1785125194618942133,1785125194618942133,0,0
202607271206,e2e_trace_v3,17293833482614604544,72068507549827883,velodyne64,lidar,1785125194618942133,1785125194618942133,0,1
202607271206,e2e_trace_v3,17293833482614604545,216183695625683701,radar_front,radar,1785125194718639690,1785125194718639690,0,0
202607271206,e2e_trace_v3,17293833482614604545,72068507549827884,velodyne64,lidar,1785125194718639690,1785125194718639690,0,1
202607271206,e2e_trace_v3,17293833482614604546,216183695625683702,radar_front,radar,1785125194819532905,1785125194819532905,0,0
202607271206,e2e_trace_v3,17293833482614604546,72068507549827885,velodyne64,lidar,1785125194819532905,1785125194819532905,0,1
202607271206,e2e_trace_v3,17293833482614604547,216183695625683704,radar_front,radar,1785125194918653325,1785125194918653325,0,0
202607271206,e2e_trace_v3,17293833482614604547,72068507549827886,velodyne64,lidar,1785125194918653325,1785125194918653325,0,1
202607271206,e2e_trace_v3,17293833482614604548,216183695625683705,radar_front,radar,1785125195028510404,1785125195028510404,0,0
202607271206,e2e_trace_v3,17293833482614604548,72068507549827887,velodyne64,lidar,1785125195028510404,1785125195028510404,0,1
202607271206,e2e_trace_v3,17293833482614604549,216183695625683705,radar_front,radar,1785125195119017767,1785125195119017767,0,0
202607271206,e2e_trace_v3,17293833482614604549,72068507549827888,velodyne64,lidar,1785125195119017767,1785125195119017767,0,1
202607271206,e2e_trace_v3,17293833482614604550,216183695625683706,radar_front,radar,1785125195218620742,1785125195218620742,0,0
202607271206,e2e_trace_v3,17293833482614604550,72068507549827889,velodyne64,lidar,1785125195218620742,1785125195218620742,0,1
202607271206,e2e_trace_v3,17293833482614604551,216183695625683707,radar_front,radar,1785125195319723800,1785125195319723800,0,0
202607271206,e2e_trace_v3,17293833482614604551,72068507549827890,velodyne64,lidar,1785125195319723800,1785125195319723800,0,1
202607271206,e2e_trace_v3,17293833482614604552,216183695625683709,radar_front,radar,1785125195419158494,1785125195419158494,0,0
202607271206,e2e_trace_v3,17293833482614604552,72068507549827891,velodyne64,lidar,1785125195419158494,1785125195419158494,0,1
202607271206,e2e_trace_v3,17293833482614604553,216183695625683709,radar_front,radar,1785125195519539801,1785125195519539801,0,0
202607271206,e2e_trace_v3,17293833482614604553,72068507549827892,velodyne64,lidar,1785125195519539801,1785125195519539801,0,1
202607271206,e2e_trace_v3,17293833482614604554,216183695625683710,radar_front,radar,1785125195618392265,1785125195618392265,0,0
202607271206,e2e_trace_v3,17293833482614604554,72068507549827893,velodyne64,lidar,1785125195618392265,1785125195618392265,0,1
202607271206,e2e_trace_v3,17293833482614604555,216183695625683711,radar_front,radar,1785125195718481631,1785125195718481631,0,0
202607271206,e2e_trace_v3,17293833482614604555,72068507549827894,velodyne64,lidar,1785125195718481631,1785125195718481631,0,1
202607271206,e2e_trace_v3,17293833482614604556,216183695625683712,radar_front,radar,1785125195818772862,1785125195818772862,0,0
202607271206,e2e_trace_v3,17293833482614604556,72068507549827895,velodyne64,lidar,1785125195818772862,1785125195818772862,0,1
202607271206,e2e_trace_v3,17293833482614604557,216183695625683713,radar_front,radar,1785125195918385633,1785125195918385633,1,0
202607271206,e2e_trace_v3,17293833482614604557,72068507549827896,velodyne64,lidar,1785125195918385633,1785125195918385633,1,1
202607271206,e2e_trace_v3,17293833482614604558,216183695625683715,radar_front,radar,1785125196018500704,1785125196018500704,1,0
202607271206,e2e_trace_v3,17293833482614604558,72068507549827897,velodyne64,lidar,1785125196018500704,1785125196018500704,1,1
202607271206,e2e_trace_v3,17293833482614604559,216183695625683715,radar_front,radar,1785125196119591682,1785125196119591682,0,0
202607271206,e2e_trace_v3,17293833482614604559,72068507549827898,velodyne64,lidar,1785125196119591682,1785125196119591682,0,1
202607271206,e2e_trace_v3,17293833482614604560,216183695625683716,radar_front,radar,1785125196218511719,1785125196218511719,0,0
202607271206,e2e_trace_v3,17293833482614604560,72068507549827899,velodyne64,lidar,1785125196218511719,1785125196218511719,0,1
202607271206,e2e_trace_v3,17293833482614604561,216183695625683717,radar_front,radar,1785125196318423975,1785125196318423975,0,0
202607271206,e2e_trace_v3,17293833482614604561,72068507549827900,velodyne64,lidar,1785125196318423975,1785125196318423975,0,1
202607271206,e2e_trace_v3,17293833482614604562,216183695625683719,radar_front,radar,1785125196418487407,1785125196418487407,0,0
202607271206,e2e_trace_v3,17293833482614604562,72068507549827901,velodyne64,lidar,1785125196418487407,1785125196418487407,0,1
202607271206,e2e_trace_v3,17293833482614604563,216183695625683720,radar_front,radar,1785125196519783612,1785125196519783612,0,0
202607271206,e2e_trace_v3,17293833482614604563,72068507549827902,velodyne64,lidar,1785125196519783612,1785125196519783612,0,1
202607271206,e2e_trace_v3,17293833482614604564,216183695625683720,radar_front,radar,1785125196618649890,1785125196618649890,0,0
202607271206,e2e_trace_v3,17293833482614604564,72068507549827903,velodyne64,lidar,1785125196618649890,1785125196618649890,0,1
202607271206,e2e_trace_v3,17293833482614604565,216183695625683721,radar_front,radar,1785125196719192427,1785125196719192427,0,0
202607271206,e2e_trace_v3,17293833482614604565,72068507549827904,velodyne64,lidar,1785125196719192427,1785125196719192427,0,1
202607271206,e2e_trace_v3,17293833482614604566,216183695625683722,radar_front,radar,1785125196818694004,1785125196818694004,0,0
202607271206,e2e_trace_v3,17293833482614604566,72068507549827905,velodyne64,lidar,1785125196818694004,1785125196818694004,0,1
202607271206,e2e_trace_v3,17293833482614604567,216183695625683723,radar_front,radar,1785125196919331188,1785125196919331188,0,0
202607271206,e2e_trace_v3,17293833482614604567,72068507549827906,velodyne64,lidar,1785125196919331188,1785125196919331188,0,1
202607271206,e2e_trace_v3,17293833482614604568,216183695625683724,radar_front,radar,1785125197018538856,1785125197018538856,0,0
202607271206,e2e_trace_v3,17293833482614604568,72068507549827907,velodyne64,lidar,1785125197018538856,1785125197018538856,0,1
202607271206,e2e_trace_v3,17293833482614604569,216183695625683725,radar_front,radar,1785125197118907930,1785125197118907930,0,0
202607271206,e2e_trace_v3,17293833482614604569,72068507549827908,velodyne64,lidar,1785125197118907930,1785125197118907930,0,1
202607271206,e2e_trace_v3,17293833482614604570,216183695625683726,radar_front,radar,1785125197219494853,1785125197219494853,0,0
202607271206,e2e_trace_v3,17293833482614604570,72068507549827909,velodyne64,lidar,1785125197219494853,1785125197219494853,0,1
202607271206,e2e_trace_v3,17293833482614604571,216183695625683727,radar_front,radar,1785125197319588854,1785125197319588854,0,0
202607271206,e2e_trace_v3,17293833482614604571,72068507549827910,velodyne64,lidar,1785125197319588854,1785125197319588854,0,1
202607271206,e2e_trace_v3,17293833482614604572,216183695625683728,radar_front,radar,1785125197419381054,1785125197419381054,0,0
202607271206,e2e_trace_v3,17293833482614604572,72068507549827911,velodyne64,lidar,1785125197419381054,1785125197419381054,0,1
202607271206,e2e_trace_v3,17293833482614604573,216183695625683729,radar_front,radar,1785125197519482462,1785125197519482462,0,0
202607271206,e2e_trace_v3,17293833482614604573,72068507549827912,velodyne64,lidar,1785125197519482462,1785125197519482462,0,1
202607271206,e2e_trace_v3,17293833482614604574,216183695625683730,radar_front,radar,1785125197618609122,1785125197618609122,0,0
202607271206,e2e_trace_v3,17293833482614604574,72068507549827913,velodyne64,lidar,1785125197618609122,1785125197618609122,0,1
202607271206,e2e_trace_v3,17293833482614604575,216183695625683731,radar_front,radar,1785125197719499258,1785125197719499258,0,0
202607271206,e2e_trace_v3,17293833482614604575,72068507549827914,velodyne64,lidar,1785125197719499258,1785125197719499258,0,1
202607271206,e2e_trace_v3,17293833482614604576,72068507549827915,velodyne64,lidar,1785125197819167668,1785125197819167668,0,1
202607271206,e2e_trace_v3,17293833482614604577,216183695625683732,radar_front,radar,1785125197918918334,1785125197918918334,0,0
202607271206,e2e_trace_v3,17293833482614604577,72068507549827916,velodyne64,lidar,1785125197918918334,1785125197918918334,0,1
202607271206,e2e_trace_v3,17293833482614604578,216183695625683733,radar_front,radar,1785125198018885656,1785125198018885656,0,0
202607271206,e2e_trace_v3,17293833482614604578,72068507549827917,velodyne64,lidar,1785125198018885656,1785125198018885656,0,1
202607271206,e2e_trace_v3,17293833482614604579,216183695625683734,radar_front,radar,1785125198118541108,1785125198118541108,0,0
202607271206,e2e_trace_v3,17293833482614604579,72068507549827918,velodyne64,lidar,1785125198118541108,1785125198118541108,0,1
202607271206,e2e_trace_v3,17293833482614604580,216183695625683735,radar_front,radar,1785125198218668036,1785125198218668036,0,0
202607271206,e2e_trace_v3,17293833482614604580,72068507549827919,velodyne64,lidar,1785125198218668036,1785125198218668036,0,1
202607271206,e2e_trace_v3,17293833482614604581,216183695625683736,radar_front,radar,1785125198318693297,1785125198318693297,0,0
202607271206,e2e_trace_v3,17293833482614604581,72068507549827920,velodyne64,lidar,1785125198318693297,1785125198318693297,0,1
202607271206,e2e_trace_v3,17293833482614604582,216183695625683737,radar_front,radar,1785125198419357135,1785125198419357135,0,0
202607271206,e2e_trace_v3,17293833482614604582,72068507549827921,velodyne64,lidar,1785125198419357135,1785125198419357135,0,1
202607271206,e2e_trace_v3,17293833482614604583,216183695625683738,radar_front,radar,1785125198518785376,1785125198518785376,0,0
202607271206,e2e_trace_v3,17293833482614604583,72068507549827922,velodyne64,lidar,1785125198518785376,1785125198518785376,0,1
202607271206,e2e_trace_v3,17293833482614604584,216183695625683740,radar_front,radar,1785125198619500145,1785125198619500145,0,0
202607271206,e2e_trace_v3,17293833482614604584,72068507549827923,velodyne64,lidar,1785125198619500145,1785125198619500145,0,1
202607271206,e2e_trace_v3,17293833482614604585,216183695625683740,radar_front,radar,1785125198718676896,1785125198718676896,0,0
202607271206,e2e_trace_v3,17293833482614604585,72068507549827924,velodyne64,lidar,1785125198718676896,1785125198718676896,0,1
202607271206,e2e_trace_v3,17293833482614604586,216183695625683742,radar_front,radar,1785125198819291446,1785125198819291446,0,0
202607271206,e2e_trace_v3,17293833482614604586,72068507549827925,velodyne64,lidar,1785125198819291446,1785125198819291446,0,1
202607271206,e2e_trace_v3,17293833482614604587,216183695625683742,radar_front,radar,1785125198918804776,1785125198918804776,0,0
202607271206,e2e_trace_v3,17293833482614604587,72068507549827926,velodyne64,lidar,1785125198918804776,1785125198918804776,0,1
202607271206,e2e_trace_v3,17293833482614604588,216183695625683743,radar_front,radar,1785125199018580899,1785125199018580899,0,0
202607271206,e2e_trace_v3,17293833482614604588,72068507549827927,velodyne64,lidar,1785125199018580899,1785125199018580899,0,1
202607271206,e2e_trace_v3,17293833482614604589,216183695625683744,radar_front,radar,1785125199118917574,1785125199118917574,0,0
202607271206,e2e_trace_v3,17293833482614604589,72068507549827928,velodyne64,lidar,1785125199118917574,1785125199118917574,0,1
202607271206,e2e_trace_v3,17293833482614604590,216183695625683745,radar_front,radar,1785125199219139254,1785125199219139254,0,0
202607271206,e2e_trace_v3,17293833482614604590,72068507549827929,velodyne64,lidar,1785125199219139254,1785125199219139254,0,1
202607271206,e2e_trace_v3,17293833482614604591,216183695625683746,radar_front,radar,1785125199319212938,1785125199319212938,0,0
202607271206,e2e_trace_v3,17293833482614604591,72068507549827930,velodyne64,lidar,1785125199319212938,1785125199319212938,0,1
202607271206,e2e_trace_v3,17293833482614604592,216183695625683747,radar_front,radar,1785125199419242123,1785125199419242123,0,0
202607271206,e2e_trace_v3,17293833482614604592,72068507549827931,velodyne64,lidar,1785125199419242123,1785125199419242123,0,1
202607271206,e2e_trace_v3,17293833482614604593,216183695625683748,radar_front,radar,1785125199518423367,1785125199518423367,0,0
202607271206,e2e_trace_v3,17293833482614604593,72068507549827932,velodyne64,lidar,1785125199518423367,1785125199518423367,0,1
202607271206,e2e_trace_v3,17293833482614604594,216183695625683749,radar_front,radar,1785125199618554746,1785125199618554746,0,0
202607271206,e2e_trace_v3,17293833482614604594,72068507549827933,velodyne64,lidar,1785125199618554746,1785125199618554746,0,1
202607271206,e2e_trace_v3,17293833482614604595,216183695625683750,radar_front,radar,1785125199718525154,1785125199718525154,0,0
202607271206,e2e_trace_v3,17293833482614604595,72068507549827934,velodyne64,lidar,1785125199718525154,1785125199718525154,0,1
202607271206,e2e_trace_v3,17293833482614604596,216183695625683751,radar_front,radar,1785125199818463622,1785125199818463622,0,0
202607271206,e2e_trace_v3,17293833482614604596,72068507549827935,velodyne64,lidar,1785125199818463622,1785125199818463622,0,1
202607271206,e2e_trace_v3,17293833482614604597,216183695625683752,radar_front,radar,1785125199919089632,1785125199919089632,0,0
202607271206,e2e_trace_v3,17293833482614604597,72068507549827936,velodyne64,lidar,1785125199919089632,1785125199919089632,0,1
202607271206,e2e_trace_v3,17293833482614604598,216183695625683753,radar_front,radar,1785125200019227018,1785125200019227018,0,0
202607271206,e2e_trace_v3,17293833482614604598,72068507549827937,velodyne64,lidar,1785125200019227018,1785125200019227018,0,1
202607271206,e2e_trace_v3,17293833482614604599,216183695625683754,radar_front,radar,1785125200119463905,1785125200119463905,0,0
202607271206,e2e_trace_v3,17293833482614604599,72068507549827938,velodyne64,lidar,1785125200119463905,1785125200119463905,0,1
202607271206,e2e_trace_v3,17293833482614604600,216183695625683755,radar_front,radar,1785125200218627806,1785125200218627806,0,0
202607271206,e2e_trace_v3,17293833482614604600,72068507549827939,velodyne64,lidar,1785125200218627806,1785125200218627806,0,1
202607271206,e2e_trace_v3,17293833482614604601,216183695625683756,radar_front,radar,1785125200318563312,1785125200318563312,0,0
202607271206,e2e_trace_v3,17293833482614604601,72068507549827940,velodyne64,lidar,1785125200318563312,1785125200318563312,0,1
202607271206,e2e_trace_v3,17293833482614604602,216183695625683757,radar_front,radar,1785125200419121055,1785125200419121055,0,0
202607271206,e2e_trace_v3,17293833482614604602,72068507549827941,velodyne64,lidar,1785125200419121055,1785125200419121055,0,1
202607271206,e2e_trace_v3,17293833482614604603,216183695625683758,radar_front,radar,1785125200519162470,1785125200519162470,0,0
202607271206,e2e_trace_v3,17293833482614604603,72068507549827942,velodyne64,lidar,1785125200519162470,1785125200519162470,0,1
202607271206,e2e_trace_v3,17293833482614604604,216183695625683759,radar_front,radar,1785125200619178715,1785125200619178715,0,0
202607271206,e2e_trace_v3,17293833482614604604,72068507549827943,velodyne64,lidar,1785125200619178715,1785125200619178715,0,1
202607271206,e2e_trace_v3,17293833482614604605,216183695625683760,radar_front,radar,1785125200719565078,1785125200719565078,0,0
202607271206,e2e_trace_v3,17293833482614604605,72068507549827944,velodyne64,lidar,1785125200719565078,1785125200719565078,0,1
202607271206,e2e_trace_v3,17293833482614604606,216183695625683761,radar_front,radar,1785125200818545321,1785125200818545321,0,0
202607271206,e2e_trace_v3,17293833482614604606,72068507549827945,velodyne64,lidar,1785125200818545321,1785125200818545321,0,1
202607271206,e2e_trace_v3,17293833482614604607,216183695625683763,radar_front,radar,1785125200918634244,1785125200918634244,0,0
202607271206,e2e_trace_v3,17293833482614604607,72068507549827946,velodyne64,lidar,1785125200918634244,1785125200918634244,0,1
202607271206,e2e_trace_v3,17293833482614604608,216183695625683763,radar_front,radar,1785125201019011069,1785125201019011069,0,0
202607271206,e2e_trace_v3,17293833482614604608,72068507549827947,velodyne64,lidar,1785125201019011069,1785125201019011069,0,1
202607271206,e2e_trace_v3,17293833482614604609,216183695625683764,radar_front,radar,1785125201118567385,1785125201118567385,0,0
202607271206,e2e_trace_v3,17293833482614604609,72068507549827948,velodyne64,lidar,1785125201118567385,1785125201118567385,0,1
202607271206,e2e_trace_v3,17293833482614604610,216183695625683765,radar_front,radar,1785125201219306011,1785125201219306011,0,0
202607271206,e2e_trace_v3,17293833482614604610,72068507549827949,velodyne64,lidar,1785125201219306011,1785125201219306011,0,1
202607271206,e2e_trace_v3,17293833482614604611,216183695625683766,radar_front,radar,1785125201318951548,1785125201318951548,0,0
202607271206,e2e_trace_v3,17293833482614604611,72068507549827950,velodyne64,lidar,1785125201318951548,1785125201318951548,0,1
202607271206,e2e_trace_v3,17293833482614604612,216183695625683767,radar_front,radar,1785125201420454617,1785125201420454617,0,0
202607271206,e2e_trace_v3,17293833482614604612,72068507549827951,velodyne64,lidar,1785125201420454617,1785125201420454617,0,1
202607271206,e2e_trace_v3,17293833482614604613,216183695625683768,radar_front,radar,1785125201518373566,1785125201518373566,0,0
202607271206,e2e_trace_v3,17293833482614604613,72068507549827952,velodyne64,lidar,1785125201518373566,1785125201518373566,0,1
202607271206,e2e_trace_v3,17293833482614604614,216183695625683769,radar_front,radar,1785125201619098587,1785125201619098587,0,0
202607271206,e2e_trace_v3,17293833482614604614,72068507549827953,velodyne64,lidar,1785125201619098587,1785125201619098587,0,1
202607271206,e2e_trace_v3,17293833482614604615,216183695625683770,radar_front,radar,1785125201718768679,1785125201718768679,0,0
202607271206,e2e_trace_v3,17293833482614604615,72068507549827954,velodyne64,lidar,1785125201718768679,1785125201718768679,0,1
202607271206,e2e_trace_v3,17293833482614604616,216183695625683771,radar_front,radar,1785125201819382585,1785125201819382585,0,0
202607271206,e2e_trace_v3,17293833482614604616,72068507549827955,velodyne64,lidar,1785125201819382585,1785125201819382585,0,1
202607271206,e2e_trace_v3,17293833482614604617,216183695625683772,radar_front,radar,1785125201918955949,1785125201918955949,0,0
202607271206,e2e_trace_v3,17293833482614604617,72068507549827956,velodyne64,lidar,1785125201918955949,1785125201918955949,0,1
202607271206,e2e_trace_v3,17293833482614604618,216183695625683773,radar_front,radar,1785125202019006997,1785125202019006997,0,0
202607271206,e2e_trace_v3,17293833482614604618,72068507549827957,velodyne64,lidar,1785125202019006997,1785125202019006997,0,1
202607271206,e2e_trace_v3,17293833482614604619,216183695625683774,radar_front,radar,1785125202118685350,1785125202118685350,0,0
202607271206,e2e_trace_v3,17293833482614604619,72068507549827958,velodyne64,lidar,1785125202118685350,1785125202118685350,0,1
202607271206,e2e_trace_v3,17293833482614604620,216183695625683775,radar_front,radar,1785125202218535243,1785125202218535243,0,0
202607271206,e2e_trace_v3,17293833482614604620,72068507549827959,velodyne64,lidar,1785125202218535243,1785125202218535243,0,1
202607271206,e2e_trace_v3,17293833482614604621,216183695625683776,radar_front,radar,1785125202318934678,1785125202318934678,0,0
202607271206,e2e_trace_v3,17293833482614604621,72068507549827960,velodyne64,lidar,1785125202318934678,1785125202318934678,0,1
202607271206,e2e_trace_v3,17293833482614604622,216183695625683777,radar_front,radar,1785125202419046822,1785125202419046822,0,0
202607271206,e2e_trace_v3,17293833482614604622,72068507549827961,velodyne64,lidar,1785125202419046822,1785125202419046822,0,1
202607271206,e2e_trace_v3,17293833482614604623,216183695625683778,radar_front,radar,1785125202519418853,1785125202519418853,0,0
202607271206,e2e_trace_v3,17293833482614604623,72068507549827962,velodyne64,lidar,1785125202519418853,1785125202519418853,0,1
202607271206,e2e_trace_v3,17293833482614604624,216183695625683779,radar_front,radar,1785125202619303432,1785125202619303432,0,0
202607271206,e2e_trace_v3,17293833482614604624,72068507549827963,velodyne64,lidar,1785125202619303432,1785125202619303432,0,1
202607271206,e2e_trace_v3,17293833482614604625,216183695625683780,radar_front,radar,1785125202719411604,1785125202719411604,0,0
202607271206,e2e_trace_v3,17293833482614604625,72068507549827964,velodyne64,lidar,1785125202719411604,1785125202719411604,0,1
202607271206,e2e_trace_v3,17293833482614604626,216183695625683781,radar_front,radar,1785125202818536951,1785125202818536951,0,0
202607271206,e2e_trace_v3,17293833482614604626,72068507549827965,velodyne64,lidar,1785125202818536951,1785125202818536951,0,1
202607271206,e2e_trace_v3,17293833482614604627,216183695625683782,radar_front,radar,1785125202919157043,1785125202919157043,0,0
202607271206,e2e_trace_v3,17293833482614604627,72068507549827966,velodyne64,lidar,1785125202919157043,1785125202919157043,0,1
202607271206,e2e_trace_v3,17293833482614604628,216183695625683783,radar_front,radar,1785125203018665970,1785125203018665970,0,0
202607271206,e2e_trace_v3,17293833482614604628,72068507549827967,velodyne64,lidar,1785125203018665970,1785125203018665970,0,1
202607271206,e2e_trace_v3,17293833482614604629,216183695625683784,radar_front,radar,1785125203118508928,1785125203118508928,0,0
202607271206,e2e_trace_v3,17293833482614604629,72068507549827968,velodyne64,lidar,1785125203118508928,1785125203118508928,0,1
202607271206,e2e_trace_v3,17293833482614604630,216183695625683786,radar_front,radar,1785125203219149030,1785125203219149030,0,0
202607271206,e2e_trace_v3,17293833482614604630,72068507549827969,velodyne64,lidar,1785125203219149030,1785125203219149030,0,1
202607271206,e2e_trace_v3,17293833482614604631,216183695625683786,radar_front,radar,1785125203318593086,1785125203318593086,0,0
202607271206,e2e_trace_v3,17293833482614604631,72068507549827970,velodyne64,lidar,1785125203318593086,1785125203318593086,0,1
202607271206,e2e_trace_v3,17293833482614604632,216183695625683787,radar_front,radar,1785125203418603546,1785125203418603546,0,0
202607271206,e2e_trace_v3,17293833482614604632,72068507549827971,velodyne64,lidar,1785125203418603546,1785125203418603546,0,1
202607271206,e2e_trace_v3,17293833482614604633,216183695625683788,radar_front,radar,1785125203519115620,1785125203519115620,0,0
202607271206,e2e_trace_v3,17293833482614604633,72068507549827972,velodyne64,lidar,1785125203519115620,1785125203519115620,0,1
202607271206,e2e_trace_v3,17293833482614604634,216183695625683789,radar_front,radar,1785125203619035108,1785125203619035108,0,0
202607271206,e2e_trace_v3,17293833482614604634,72068507549827973,velodyne64,lidar,1785125203619035108,1785125203619035108,0,1
202607271206,e2e_trace_v3,17293833482614604635,216183695625683790,radar_front,radar,1785125203719394285,1785125203719394285,0,0
202607271206,e2e_trace_v3,17293833482614604635,72068507549827974,velodyne64,lidar,1785125203719394285,1785125203719394285,0,1
202607271206,e2e_trace_v3,17293833482614604636,216183695625683792,radar_front,radar,1785125203818678849,1785125203818678849,0,0
202607271206,e2e_trace_v3,17293833482614604636,72068507549827975,velodyne64,lidar,1785125203818678849,1785125203818678849,0,1
202607271206,e2e_trace_v3,17293833482614604637,216183695625683793,radar_front,radar,1785125203918703325,1785125203918703325,0,0
202607271206,e2e_trace_v3,17293833482614604637,72068507549827976,velodyne64,lidar,1785125203918703325,1785125203918703325,0,1
202607271206,e2e_trace_v3,17293833482614604638,216183695625683793,radar_front,radar,1785125204018558787,1785125204018558787,0,0
202607271206,e2e_trace_v3,17293833482614604638,72068507549827977,velodyne64,lidar,1785125204018558787,1785125204018558787,0,1
202607271206,e2e_trace_v3,17293833482614604639,216183695625683794,radar_front,radar,1785125204119157837,1785125204119157837,0,0
202607271206,e2e_trace_v3,17293833482614604639,72068507549827978,velodyne64,lidar,1785125204119157837,1785125204119157837,0,1
202607271206,e2e_trace_v3,17293833482614604640,216183695625683796,radar_front,radar,1785125204218754807,1785125204218754807,0,0
202607271206,e2e_trace_v3,17293833482614604640,72068507549827979,velodyne64,lidar,1785125204218754807,1785125204218754807,0,1
202607271206,e2e_trace_v3,17293833482614604641,216183695625683796,radar_front,radar,1785125204318824923,1785125204318824923,0,0
202607271206,e2e_trace_v3,17293833482614604641,72068507549827980,velodyne64,lidar,1785125204318824923,1785125204318824923,0,1
202607271206,e2e_trace_v3,17293833482614604642,216183695625683797,radar_front,radar,1785125204418803235,1785125204418803235,0,0
202607271206,e2e_trace_v3,17293833482614604642,72068507549827981,velodyne64,lidar,1785125204418803235,1785125204418803235,0,1
202607271206,e2e_trace_v3,17293833482614604643,216183695625683798,radar_front,radar,1785125204519051631,1785125204519051631,0,0
202607271206,e2e_trace_v3,17293833482614604643,72068507549827982,velodyne64,lidar,1785125204519051631,1785125204519051631,0,1
202607271206,e2e_trace_v3,17293833482614604644,216183695625683799,radar_front,radar,1785125204618682173,1785125204618682173,0,0
202607271206,e2e_trace_v3,17293833482614604644,72068507549827983,velodyne64,lidar,1785125204618682173,1785125204618682173,0,1
202607271206,e2e_trace_v3,17293833482614604645,216183695625683799,radar_front,radar,1785125204718738168,1785125204718738168,0,0
202607271206,e2e_trace_v3,17293833482614604645,72068507549827984,velodyne64,lidar,1785125204718738168,1785125204718738168,0,1
202607271206,e2e_trace_v3,17293833482614604646,216183695625683800,radar_front,radar,1785125204818674205,1785125204818674205,0,0
202607271206,e2e_trace_v3,17293833482614604646,72068507549827985,velodyne64,lidar,1785125204818674205,1785125204818674205,0,1
202607271206,e2e_trace_v3,17293833482614604647,216183695625683802,radar_front,radar,1785125204918648227,1785125204918648227,0,0
202607271206,e2e_trace_v3,17293833482614604647,72068507549827986,velodyne64,lidar,1785125204918648227,1785125204918648227,0,1
202607271206,e2e_trace_v3,17293833482614604648,216183695625683803,radar_front,radar,1785125205019856115,1785125205019856115,0,0
202607271206,e2e_trace_v3,17293833482614604648,72068507549827987,velodyne64,lidar,1785125205019856115,1785125205019856115,0,1
202607271206,e2e_trace_v3,17293833482614604649,216183695625683803,radar_front,radar,1785125205118992940,1785125205118992940,0,0
202607271206,e2e_trace_v3,17293833482614604649,72068507549827988,velodyne64,lidar,1785125205118992940,1785125205118992940,0,1
202607271206,e2e_trace_v3,17293833482614604650,216183695625683804,radar_front,radar,1785125205218710489,1785125205218710489,0,0
202607271206,e2e_trace_v3,17293833482614604650,72068507549827989,velodyne64,lidar,1785125205218710489,1785125205218710489,0,1
202607271206,e2e_trace_v3,17293833482614604651,216183695625683805,radar_front,radar,1785125205318921588,1785125205318921588,0,0
202607271206,e2e_trace_v3,17293833482614604651,72068507549827990,velodyne64,lidar,1785125205318921588,1785125205318921588,0,1
202607271206,e2e_trace_v3,17293833482614604652,216183695625683806,radar_front,radar,1785125205418886508,1785125205418886508,0,0
202607271206,e2e_trace_v3,17293833482614604652,72068507549827991,velodyne64,lidar,1785125205418886508,1785125205418886508,0,1
202607271206,e2e_trace_v3,17293833482614604653,216183695625683807,radar_front,radar,1785125205518737827,1785125205518737827,0,0
202607271206,e2e_trace_v3,17293833482614604653,72068507549827992,velodyne64,lidar,1785125205518737827,1785125205518737827,0,1
202607271206,e2e_trace_v3,17293833482614604654,216183695625683808,radar_front,radar,1785125205619638638,1785125205619638638,0,0
202607271206,e2e_trace_v3,17293833482614604654,72068507549827993,velodyne64,lidar,1785125205619638638,1785125205619638638,0,1
202607271206,e2e_trace_v3,17293833482614604655,216183695625683809,radar_front,radar,1785125205718533374,1785125205718533374,0,0
202607271206,e2e_trace_v3,17293833482614604655,72068507549827994,velodyne64,lidar,1785125205718533374,1785125205718533374,0,1
202607271206,e2e_trace_v3,17293833482614604656,216183695625683810,radar_front,radar,1785125205819122573,1785125205819122573,0,0
202607271206,e2e_trace_v3,17293833482614604656,72068507549827995,velodyne64,lidar,1785125205819122573,1785125205819122573,0,1
202607271206,e2e_trace_v3,17293833482614604657,216183695625683812,radar_front,radar,1785125205918927851,1785125205918927851,0,0
202607271206,e2e_trace_v3,17293833482614604657,72068507549827996,velodyne64,lidar,1785125205918927851,1785125205918927851,0,1
202607271206,e2e_trace_v3,17293833482614604658,216183695625683812,radar_front,radar,1785125206018636320,1785125206018636320,0,0
202607271206,e2e_trace_v3,17293833482614604658,72068507549827997,velodyne64,lidar,1785125206018636320,1785125206018636320,0,1
202607271206,e2e_trace_v3,17293833482614604659,216183695625683813,radar_front,radar,1785125206119398661,1785125206119398661,0,0
202607271206,e2e_trace_v3,17293833482614604659,72068507549827998,velodyne64,lidar,1785125206119398661,1785125206119398661,0,1
202607271206,e2e_trace_v3,17293833482614604660,216183695625683814,radar_front,radar,1785125206219581153,1785125206219581153,0,0
202607271206,e2e_trace_v3,17293833482614604660,72068507549827999,velodyne64,lidar,1785125206219581153,1785125206219581153,0,1
202607271206,e2e_trace_v3,17293833482614604661,216183695625683815,radar_front,radar,1785125206318686160,1785125206318686160,0,0
202607271206,e2e_trace_v3,17293833482614604661,72068507549828000,velodyne64,lidar,1785125206318686160,1785125206318686160,0,1
202607271206,e2e_trace_v3,17293833482614604662,216183695625683816,radar_front,radar,1785125206419151363,1785125206419151363,0,0
202607271206,e2e_trace_v3,17293833482614604662,72068507549828001,velodyne64,lidar,1785125206419151363,1785125206419151363,0,1
202607271206,e2e_trace_v3,17293833482614604663,216183695625683817,radar_front,radar,1785125206519432728,1785125206519432728,0,0
202607271206,e2e_trace_v3,17293833482614604663,72068507549828002,velodyne64,lidar,1785125206519432728,1785125206519432728,0,1
202607271206,e2e_trace_v3,17293833482614604664,216183695625683818,radar_front,radar,1785125206619195441,1785125206619195441,0,0
202607271206,e2e_trace_v3,17293833482614604664,72068507549828003,velodyne64,lidar,1785125206619195441,1785125206619195441,0,1
202607271206,e2e_trace_v3,17293833482614604665,216183695625683819,radar_front,radar,1785125206719166267,1785125206719166267,0,0
202607271206,e2e_trace_v3,17293833482614604665,72068507549828004,velodyne64,lidar,1785125206719166267,1785125206719166267,0,1
202607271206,e2e_trace_v3,17293833482614604666,216183695625683820,radar_front,radar,1785125206819040248,1785125206819040248,0,0
202607271206,e2e_trace_v3,17293833482614604666,72068507549828005,velodyne64,lidar,1785125206819040248,1785125206819040248,0,1
202607271206,e2e_trace_v3,17293833482614604667,216183695625683821,radar_front,radar,1785125206918709390,1785125206918709390,0,0
202607271206,e2e_trace_v3,17293833482614604667,72068507549828006,velodyne64,lidar,1785125206918709390,1785125206918709390,0,1
202607271206,e2e_trace_v3,17293833482614604668,216183695625683822,radar_front,radar,1785125207019191309,1785125207019191309,0,0
202607271206,e2e_trace_v3,17293833482614604668,72068507549828007,velodyne64,lidar,1785125207019191309,1785125207019191309,0,1
202607271206,e2e_trace_v3,17293833482614604669,216183695625683824,radar_front,radar,1785125207119042859,1785125207119042859,0,0
202607271206,e2e_trace_v3,17293833482614604669,72068507549828008,velodyne64,lidar,1785125207119042859,1785125207119042859,0,1
202607271206,e2e_trace_v3,17293833482614604670,216183695625683824,radar_front,radar,1785125207218708136,1785125207218708136,0,0
202607271206,e2e_trace_v3,17293833482614604670,72068507549828009,velodyne64,lidar,1785125207218708136,1785125207218708136,0,1
202607271206,e2e_trace_v3,17293833482614604671,216183695625683825,radar_front,radar,1785125207318536257,1785125207318536257,0,0
202607271206,e2e_trace_v3,17293833482614604671,72068507549828010,velodyne64,lidar,1785125207318536257,1785125207318536257,0,1
202607271206,e2e_trace_v3,17293833482614604672,216183695625683826,radar_front,radar,1785125207418517656,1785125207418517656,0,0
202607271206,e2e_trace_v3,17293833482614604672,72068507549828011,velodyne64,lidar,1785125207418517656,1785125207418517656,0,1
202607271206,e2e_trace_v3,17293833482614604673,216183695625683827,radar_front,radar,1785125207518588080,1785125207518588080,0,0
202607271206,e2e_trace_v3,17293833482614604673,72068507549828012,velodyne64,lidar,1785125207518588080,1785125207518588080,0,1
202607271206,e2e_trace_v3,17293833482614604674,216183695625683829,radar_front,radar,1785125207618505163,1785125207618505163,0,0
202607271206,e2e_trace_v3,17293833482614604674,72068507549828013,velodyne64,lidar,1785125207618505163,1785125207618505163,0,1
202607271206,e2e_trace_v3,17293833482614604675,216183695625683829,radar_front,radar,1785125207718397830,1785125207718397830,0,0
202607271206,e2e_trace_v3,17293833482614604675,72068507549828014,velodyne64,lidar,1785125207718397830,1785125207718397830,0,1
202607271206,e2e_trace_v3,17293833482614604676,216183695625683830,radar_front,radar,1785125207818896427,1785125207818896427,0,0
202607271206,e2e_trace_v3,17293833482614604676,72068507549828015,velodyne64,lidar,1785125207818896427,1785125207818896427,0,1
202607271206,e2e_trace_v3,17293833482614604677,216183695625683831,radar_front,radar,1785125207919464015,1785125207919464015,0,0
202607271206,e2e_trace_v3,17293833482614604677,72068507549828016,velodyne64,lidar,1785125207919464015,1785125207919464015,0,1
202607271206,e2e_trace_v3,17293833482614604678,216183695625683833,radar_front,radar,1785125208020041177,1785125208020041177,0,0
202607271206,e2e_trace_v3,17293833482614604678,72068507549828017,velodyne64,lidar,1785125208020041177,1785125208020041177,0,1
202607271206,e2e_trace_v3,17293833482614604679,216183695625683833,radar_front,radar,1785125208119734093,1785125208119734093,0,0
202607271206,e2e_trace_v3,17293833482614604679,72068507549828018,velodyne64,lidar,1785125208119734093,1785125208119734093,0,1
202607271206,e2e_trace_v3,17293833482614604680,216183695625683835,radar_front,radar,1785125208219130397,1785125208219130397,0,0
202607271206,e2e_trace_v3,17293833482614604680,72068507549828019,velodyne64,lidar,1785125208219130397,1785125208219130397,0,1
202607271206,e2e_trace_v3,17293833482614604681,216183695625683835,radar_front,radar,1785125208318840751,1785125208318840751,0,0
202607271206,e2e_trace_v3,17293833482614604681,72068507549828020,velodyne64,lidar,1785125208318840751,1785125208318840751,0,1
202607271206,e2e_trace_v3,17293833482614604682,216183695625683837,radar_front,radar,1785125208419097272,1785125208419097272,0,0
202607271206,e2e_trace_v3,17293833482614604682,72068507549828021,velodyne64,lidar,1785125208419097272,1785125208419097272,0,1
202607271206,e2e_trace_v3,17293833482614604683,216183695625683837,radar_front,radar,1785125208519282380,1785125208519282380,0,0
202607271206,e2e_trace_v3,17293833482614604683,72068507549828022,velodyne64,lidar,1785125208519282380,1785125208519282380,0,1
202607271206,e2e_trace_v3,17293833482614604684,216183695625683838,radar_front,radar,1785125208619256540,1785125208619256540,0,0
202607271206,e2e_trace_v3,17293833482614604684,72068507549828023,velodyne64,lidar,1785125208619256540,1785125208619256540,0,1
202607271206,e2e_trace_v3,17293833482614604685,216183695625683839,radar_front,radar,1785125208718545836,1785125208718545836,0,0
202607271206,e2e_trace_v3,17293833482614604685,72068507549828024,velodyne64,lidar,1785125208718545836,1785125208718545836,0,1
202607271206,e2e_trace_v3,17293833482614604686,216183695625683841,radar_front,radar,1785125208819054200,1785125208819054200,0,0
202607271206,e2e_trace_v3,17293833482614604686,72068507549828025,velodyne64,lidar,1785125208819054200,1785125208819054200,0,1
202607271206,e2e_trace_v3,17293833482614604687,216183695625683842,radar_front,radar,1785125208918661061,1785125208918661061,0,0
202607271206,e2e_trace_v3,17293833482614604687,72068507549828026,velodyne64,lidar,1785125208918661061,1785125208918661061,0,1
202607271206,e2e_trace_v3,17293833482614604688,216183695625683842,radar_front,radar,1785125209018647622,1785125209018647622,0,0
202607271206,e2e_trace_v3,17293833482614604688,72068507549828027,velodyne64,lidar,1785125209018647622,1785125209018647622,0,1
202607271206,e2e_trace_v3,17293833482614604689,216183695625683843,radar_front,radar,1785125209119151845,1785125209119151845,0,0
202607271206,e2e_trace_v3,17293833482614604689,72068507549828028,velodyne64,lidar,1785125209119151845,1785125209119151845,0,1
202607271206,e2e_trace_v3,17293833482614604690,216183695625683844,radar_front,radar,1785125209219319092,1785125209219319092,0,0
202607271206,e2e_trace_v3,17293833482614604690,72068507549828029,velodyne64,lidar,1785125209219319092,1785125209219319092,0,1
202607271206,e2e_trace_v3,17293833482614604691,216183695625683845,radar_front,radar,1785125209319065731,1785125209319065731,0,0
202607271206,e2e_trace_v3,17293833482614604691,72068507549828030,velodyne64,lidar,1785125209319065731,1785125209319065731,0,1
202607271206,e2e_trace_v3,17293833482614604692,216183695625683846,radar_front,radar,1785125209418833576,1785125209418833576,0,0
202607271206,e2e_trace_v3,17293833482614604692,72068507549828031,velodyne64,lidar,1785125209418833576,1785125209418833576,0,1
202607271206,e2e_trace_v3,17293833482614604693,216183695625683847,radar_front,radar,1785125209519093624,1785125209519093624,0,0
202607271206,e2e_trace_v3,17293833482614604693,72068507549828032,velodyne64,lidar,1785125209519093624,1785125209519093624,0,1
202607271206,e2e_trace_v3,17293833482614604694,216183695625683848,radar_front,radar,1785125209619112169,1785125209619112169,0,0
202607271206,e2e_trace_v3,17293833482614604694,72068507549828033,velodyne64,lidar,1785125209619112169,1785125209619112169,0,1
202607271206,e2e_trace_v3,17293833482614604695,216183695625683849,radar_front,radar,1785125209719965183,1785125209719965183,0,0
202607271206,e2e_trace_v3,17293833482614604695,72068507549828034,velodyne64,lidar,1785125209719965183,1785125209719965183,0,1
202607271206,e2e_trace_v3,17293833482614604696,216183695625683851,radar_front,radar,1785125209819409650,1785125209819409650,0,0
202607271206,e2e_trace_v3,17293833482614604696,72068507549828035,velodyne64,lidar,1785125209819409650,1785125209819409650,0,1
202607271206,e2e_trace_v3,17293833482614604697,216183695625683852,radar_front,radar,1785125209927225660,1785125209927225660,0,0
202607271206,e2e_trace_v3,17293833482614604697,72068507549828036,velodyne64,lidar,1785125209927225660,1785125209927225660,0,1
202607271206,e2e_trace_v3,17293833482614604698,216183695625683853,radar_front,radar,1785125210028841830,1785125210028841830,0,0
202607271206,e2e_trace_v3,17293833482614604698,72068507549828037,velodyne64,lidar,1785125210028841830,1785125210028841830,0,1
202607271206,e2e_trace_v3,17293833482614604699,216183695625683854,radar_front,radar,1785125210118619567,1785125210118619567,0,0
202607271206,e2e_trace_v3,17293833482614604699,72068507549828038,velodyne64,lidar,1785125210118619567,1785125210118619567,0,1
202607271206,e2e_trace_v3,17293833482614604700,216183695625683855,radar_front,radar,1785125210218538146,1785125210218538146,0,0
202607271206,e2e_trace_v3,17293833482614604700,72068507549828039,velodyne64,lidar,1785125210218538146,1785125210218538146,0,1
202607271206,e2e_trace_v3,17293833482614604701,216183695625683856,radar_front,radar,1785125210319806171,1785125210319806171,0,0
202607271206,e2e_trace_v3,17293833482614604701,72068507549828040,velodyne64,lidar,1785125210319806171,1785125210319806171,0,1
202607271206,e2e_trace_v3,17293833482614604702,216183695625683856,radar_front,radar,1785125210419234972,1785125210419234972,0,0
202607271206,e2e_trace_v3,17293833482614604702,72068507549828041,velodyne64,lidar,1785125210419234972,1785125210419234972,0,1
202607271206,e2e_trace_v3,17293833482614604703,216183695625683857,radar_front,radar,1785125210518508175,1785125210518508175,0,0
202607271206,e2e_trace_v3,17293833482614604703,72068507549828042,velodyne64,lidar,1785125210518508175,1785125210518508175,0,1
202607271206,e2e_trace_v3,17293833482614604704,216183695625683858,radar_front,radar,1785125210618592157,1785125210618592157,0,0
202607271206,e2e_trace_v3,17293833482614604704,72068507549828043,velodyne64,lidar,1785125210618592157,1785125210618592157,0,1
202607271206,e2e_trace_v3,17293833482614604705,216183695625683859,radar_front,radar,1785125210718515730,1785125210718515730,0,0
202607271206,e2e_trace_v3,17293833482614604705,72068507549828044,velodyne64,lidar,1785125210718515730,1785125210718515730,0,1
202607271206,e2e_trace_v3,17293833482614604706,216183695625683860,radar_front,radar,1785125210818533305,1785125210818533305,0,0
202607271206,e2e_trace_v3,17293833482614604706,72068507549828045,velodyne64,lidar,1785125210818533305,1785125210818533305,0,1
202607271206,e2e_trace_v3,17293833482614604707,216183695625683861,radar_front,radar,1785125210918559787,1785125210918559787,0,0
202607271206,e2e_trace_v3,17293833482614604707,72068507549828046,velodyne64,lidar,1785125210918559787,1785125210918559787,0,1
202607271206,e2e_trace_v3,17293833482614604708,216183695625683862,radar_front,radar,1785125211019223182,1785125211019223182,0,0
202607271206,e2e_trace_v3,17293833482614604708,72068507549828047,velodyne64,lidar,1785125211019223182,1785125211019223182,0,1
202607271206,e2e_trace_v3,17293833482614604709,216183695625683864,radar_front,radar,1785125211119058986,1785125211119058986,0,0
202607271206,e2e_trace_v3,17293833482614604709,72068507549828048,velodyne64,lidar,1785125211119058986,1785125211119058986,0,1
202607271206,e2e_trace_v3,17293833482614604710,216183695625683865,radar_front,radar,1785125211218857512,1785125211218857512,0,0
202607271206,e2e_trace_v3,17293833482614604710,72068507549828049,velodyne64,lidar,1785125211218857512,1785125211218857512,0,1
202607271206,e2e_trace_v3,17293833482614604711,216183695625683865,radar_front,radar,1785125211318606211,1785125211318606211,0,0
202607271206,e2e_trace_v3,17293833482614604711,72068507549828050,velodyne64,lidar,1785125211318606211,1785125211318606211,0,1
202607271206,e2e_trace_v3,17293833482614604712,216183695625683866,radar_front,radar,1785125211419549632,1785125211419549632,0,0
202607271206,e2e_trace_v3,17293833482614604712,72068507549828051,velodyne64,lidar,1785125211419549632,1785125211419549632,0,1
202607271206,e2e_trace_v3,17293833482614604713,216183695625683867,radar_front,radar,1785125211519078601,1785125211519078601,0,0
202607271206,e2e_trace_v3,17293833482614604713,72068507549828052,velodyne64,lidar,1785125211519078601,1785125211519078601,0,1
202607271206,e2e_trace_v3,17293833482614604714,216183695625683868,radar_front,radar,1785125211619435424,1785125211619435424,0,0
202607271206,e2e_trace_v3,17293833482614604714,72068507549828053,velodyne64,lidar,1785125211619435424,1785125211619435424,0,1
202607271206,e2e_trace_v3,17293833482614604715,216183695625683870,radar_front,radar,1785125211734298798,1785125211734298798,0,0
202607271206,e2e_trace_v3,17293833482614604715,72068507549828054,velodyne64,lidar,1785125211734298798,1785125211734298798,0,1
202607271206,e2e_trace_v3,17293833482614604716,216183695625683871,radar_front,radar,1785125211821550042,1785125211821550042,0,0
202607271206,e2e_trace_v3,17293833482614604716,72068507549828055,velodyne64,lidar,1785125211821550042,1785125211821550042,0,1
202607271206,e2e_trace_v3,17293833482614604717,216183695625683871,radar_front,radar,1785125211918839048,1785125211918839048,0,0
202607271206,e2e_trace_v3,17293833482614604717,72068507549828056,velodyne64,lidar,1785125211918839048,1785125211918839048,0,1
202607271206,e2e_trace_v3,17293833482614604718,216183695625683872,radar_front,radar,1785125212018635456,1785125212018635456,0,0
202607271206,e2e_trace_v3,17293833482614604718,72068507549828057,velodyne64,lidar,1785125212018635456,1785125212018635456,0,1
202607271206,e2e_trace_v3,17293833482614604719,216183695625683874,radar_front,radar,1785125212119139168,1785125212119139168,0,0
202607271206,e2e_trace_v3,17293833482614604719,72068507549828058,velodyne64,lidar,1785125212119139168,1785125212119139168,0,1
202607271206,e2e_trace_v3,17293833482614604720,216183695625683874,radar_front,radar,1785125212218486664,1785125212218486664,0,0
202607271206,e2e_trace_v3,17293833482614604720,72068507549828059,velodyne64,lidar,1785125212218486664,1785125212218486664,0,1
202607271206,e2e_trace_v3,17293833482614604721,216183695625683875,radar_front,radar,1785125212319688658,1785125212319688658,0,0
202607271206,e2e_trace_v3,17293833482614604721,72068507549828060,velodyne64,lidar,1785125212319688658,1785125212319688658,0,1
202607271206,e2e_trace_v3,17293833482614604722,216183695625683876,radar_front,radar,1785125212418559779,1785125212418559779,0,0
202607271206,e2e_trace_v3,17293833482614604722,72068507549828061,velodyne64,lidar,1785125212418559779,1785125212418559779,0,1
202607271206,e2e_trace_v3,17293833482614604723,216183695625683877,radar_front,radar,1785125212519208720,1785125212519208720,0,0
202607271206,e2e_trace_v3,17293833482614604723,72068507549828062,velodyne64,lidar,1785125212519208720,1785125212519208720,0,1
202607271206,e2e_trace_v3,17293833482614604724,216183695625683878,radar_front,radar,1785125212619087522,1785125212619087522,0,0
202607271206,e2e_trace_v3,17293833482614604724,72068507549828063,velodyne64,lidar,1785125212619087522,1785125212619087522,0,1
202607271206,e2e_trace_v3,17293833482614604725,216183695625683879,radar_front,radar,1785125212719282658,1785125212719282658,0,0
202607271206,e2e_trace_v3,17293833482614604725,72068507549828064,velodyne64,lidar,1785125212719282658,1785125212719282658,0,1
202607271206,e2e_trace_v3,17293833482614604726,216183695625683880,radar_front,radar,1785125212818889406,1785125212818889406,0,0
202607271206,e2e_trace_v3,17293833482614604726,72068507549828065,velodyne64,lidar,1785125212818889406,1785125212818889406,0,1
202607271206,e2e_trace_v3,17293833482614604727,216183695625683881,radar_front,radar,1785125212920121723,1785125212920121723,0,0
202607271206,e2e_trace_v3,17293833482614604727,72068507549828066,velodyne64,lidar,1785125212920121723,1785125212920121723,0,1
202607271206,e2e_trace_v3,17293833482614604728,216183695625683883,radar_front,radar,1785125213018571899,1785125213018571899,0,0
202607271206,e2e_trace_v3,17293833482614604728,72068507549828067,velodyne64,lidar,1785125213018571899,1785125213018571899,0,1
202607271206,e2e_trace_v3,17293833482614604729,216183695625683883,radar_front,radar,1785125213119398015,1785125213119398015,0,0
202607271206,e2e_trace_v3,17293833482614604729,72068507549828068,velodyne64,lidar,1785125213119398015,1785125213119398015,0,1
202607271206,e2e_trace_v3,17293833482614604730,216183695625683884,radar_front,radar,1785125213219493572,1785125213219493572,0,0
202607271206,e2e_trace_v3,17293833482614604730,72068507549828069,velodyne64,lidar,1785125213219493572,1785125213219493572,0,1
202607271206,e2e_trace_v3,17293833482614604731,216183695625683885,radar_front,radar,1785125213318791903,1785125213318791903,0,0
202607271206,e2e_trace_v3,17293833482614604731,72068507549828070,velodyne64,lidar,1785125213318791903,1785125213318791903,0,1
202607271206,e2e_trace_v3,17293833482614604732,216183695625683886,radar_front,radar,1785125213418561013,1785125213418561013,0,0
202607271206,e2e_trace_v3,17293833482614604732,72068507549828071,velodyne64,lidar,1785125213418561013,1785125213418561013,0,1
202607271206,e2e_trace_v3,17293833482614604733,216183695625683887,radar_front,radar,1785125213518793201,1785125213518793201,0,0
202607271206,e2e_trace_v3,17293833482614604733,72068507549828072,velodyne64,lidar,1785125213518793201,1785125213518793201,0,1
202607271206,e2e_trace_v3,17293833482614604734,216183695625683888,radar_front,radar,1785125213618566022,1785125213618566022,0,0
202607271206,e2e_trace_v3,17293833482614604734,72068507549828073,velodyne64,lidar,1785125213618566022,1785125213618566022,0,1
202607271206,e2e_trace_v3,17293833482614604735,216183695625683889,radar_front,radar,1785125213719222273,1785125213719222273,0,0
202607271206,e2e_trace_v3,17293833482614604735,72068507549828074,velodyne64,lidar,1785125213719222273,1785125213719222273,0,1
202607271206,e2e_trace_v3,17293833482614604736,216183695625683891,radar_front,radar,1785125213818598314,1785125213818598314,0,0
202607271206,e2e_trace_v3,17293833482614604736,72068507549828075,velodyne64,lidar,1785125213818598314,1785125213818598314,0,1
202607271206,e2e_trace_v3,17293833482614604737,216183695625683891,radar_front,radar,1785125213918958049,1785125213918958049,0,0
202607271206,e2e_trace_v3,17293833482614604737,72068507549828076,velodyne64,lidar,1785125213918958049,1785125213918958049,0,1
202607271206,e2e_trace_v3,17293833482614604738,216183695625683892,radar_front,radar,1785125214018642438,1785125214018642438,0,0
202607271206,e2e_trace_v3,17293833482614604738,72068507549828077,velodyne64,lidar,1785125214018642438,1785125214018642438,0,1
202607271206,e2e_trace_v3,17293833482614604739,216183695625683893,radar_front,radar,1785125214119488595,1785125214119488595,0,0
202607271206,e2e_trace_v3,17293833482614604739,72068507549828078,velodyne64,lidar,1785125214119488595,1785125214119488595,0,1
202607271206,e2e_trace_v3,17293833482614604740,216183695625683894,radar_front,radar,1785125214219238973,1785125214219238973,0,0
202607271206,e2e_trace_v3,17293833482614604740,72068507549828079,velodyne64,lidar,1785125214219238973,1785125214219238973,0,1
202607271206,e2e_trace_v3,17293833482614604741,216183695625683896,radar_front,radar,1785125214319229151,1785125214319229151,0,0
202607271206,e2e_trace_v3,17293833482614604741,72068507549828080,velodyne64,lidar,1785125214319229151,1785125214319229151,0,1
202607271206,e2e_trace_v3,17293833482614604742,216183695625683897,radar_front,radar,1785125214419002227,1785125214419002227,0,0
202607271206,e2e_trace_v3,17293833482614604742,72068507549828081,velodyne64,lidar,1785125214419002227,1785125214419002227,0,1
202607271206,e2e_trace_v3,17293833482614604743,216183695625683897,radar_front,radar,1785125214518737208,1785125214518737208,0,0
202607271206,e2e_trace_v3,17293833482614604743,72068507549828082,velodyne64,lidar,1785125214518737208,1785125214518737208,0,1
202607271206,e2e_trace_v3,17293833482614604744,216183695625683898,radar_front,radar,1785125214619100546,1785125214619100546,0,0
202607271206,e2e_trace_v3,17293833482614604744,72068507549828083,velodyne64,lidar,1785125214619100546,1785125214619100546,0,1
202607271206,e2e_trace_v3,17293833482614604745,216183695625683899,radar_front,radar,1785125214719456505,1785125214719456505,0,0
202607271206,e2e_trace_v3,17293833482614604745,72068507549828084,velodyne64,lidar,1785125214719456505,1785125214719456505,0,1
202607271206,e2e_trace_v3,17293833482614604746,72068507549828085,velodyne64,lidar,1785125214818621509,1785125214818621509,0,1
202607271206,e2e_trace_v3,17293833482614604747,216183695625683900,radar_front,radar,1785125214919006514,1785125214919006514,0,0
202607271206,e2e_trace_v3,17293833482614604747,72068507549828086,velodyne64,lidar,1785125214919006514,1785125214919006514,0,1
202607271206,e2e_trace_v3,17293833482614604748,216183695625683901,radar_front,radar,1785125215019064848,1785125215019064848,0,0
202607271206,e2e_trace_v3,17293833482614604748,72068507549828087,velodyne64,lidar,1785125215019064848,1785125215019064848,0,1
202607271206,e2e_trace_v3,17293833482614604749,216183695625683902,radar_front,radar,1785125215119436258,1785125215119436258,0,0
202607271206,e2e_trace_v3,17293833482614604749,72068507549828088,velodyne64,lidar,1785125215119436258,1785125215119436258,0,1
202607271206,e2e_trace_v3,17293833482614604750,216183695625683903,radar_front,radar,1785125215219093410,1785125215219093410,0,0
202607271206,e2e_trace_v3,17293833482614604750,72068507549828089,velodyne64,lidar,1785125215219093410,1785125215219093410,0,1
202607271206,e2e_trace_v3,17293833482614604751,216183695625683905,radar_front,radar,1785125215319433249,1785125215319433249,0,0
202607271206,e2e_trace_v3,17293833482614604751,72068507549828090,velodyne64,lidar,1785125215319433249,1785125215319433249,0,1
202607271206,e2e_trace_v3,17293833482614604752,216183695625683906,radar_front,radar,1785125215421651054,1785125215421651054,0,0
202607271206,e2e_trace_v3,17293833482614604752,72068507549828091,velodyne64,lidar,1785125215421651054,1785125215421651054,0,1
202607271206,e2e_trace_v3,17293833482614604753,216183695625683906,radar_front,radar,1785125215518992417,1785125215518992417,0,0
202607271206,e2e_trace_v3,17293833482614604753,72068507549828092,velodyne64,lidar,1785125215518992417,1785125215518992417,0,1
202607271206,e2e_trace_v3,17293833482614604754,216183695625683907,radar_front,radar,1785125215619592140,1785125215619592140,0,0
202607271206,e2e_trace_v3,17293833482614604754,72068507549828093,velodyne64,lidar,1785125215619592140,1785125215619592140,0,1
202607271206,e2e_trace_v3,17293833482614604755,216183695625683908,radar_front,radar,1785125215718710694,1785125215718710694,0,0
202607271206,e2e_trace_v3,17293833482614604755,72068507549828094,velodyne64,lidar,1785125215718710694,1785125215718710694,0,1
202607271206,e2e_trace_v3,17293833482614604756,216183695625683909,radar_front,radar,1785125215818664122,1785125215818664122,0,0
202607271206,e2e_trace_v3,17293833482614604756,72068507549828095,velodyne64,lidar,1785125215818664122,1785125215818664122,0,1
202607271206,e2e_trace_v3,17293833482614604757,216183695625683910,radar_front,radar,1785125215918744360,1785125215918744360,0,0
202607271206,e2e_trace_v3,17293833482614604757,72068507549828096,velodyne64,lidar,1785125215918744360,1785125215918744360,0,1
202607271206,e2e_trace_v3,17293833482614604758,216183695625683911,radar_front,radar,1785125216019329209,1785125216019329209,0,0
202607271206,e2e_trace_v3,17293833482614604758,72068507549828097,velodyne64,lidar,1785125216019329209,1785125216019329209,0,1
202607271206,e2e_trace_v3,17293833482614604759,216183695625683913,radar_front,radar,1785125216119223202,1785125216119223202,0,0
202607271206,e2e_trace_v3,17293833482614604759,72068507549828098,velodyne64,lidar,1785125216119223202,1785125216119223202,0,1
202607271206,e2e_trace_v3,17293833482614604760,216183695625683913,radar_front,radar,1785125216219467857,1785125216219467857,0,0
202607271206,e2e_trace_v3,17293833482614604760,72068507549828099,velodyne64,lidar,1785125216219467857,1785125216219467857,0,1
202607271206,e2e_trace_v3,17293833482614604761,216183695625683914,radar_front,radar,1785125216318826465,1785125216318826465,0,0
202607271206,e2e_trace_v3,17293833482614604761,72068507549828100,velodyne64,lidar,1785125216318826465,1785125216318826465,0,1
202607271206,e2e_trace_v3,17293833482614604762,216183695625683915,radar_front,radar,1785125216418425449,1785125216418425449,0,0
202607271206,e2e_trace_v3,17293833482614604762,72068507549828101,velodyne64,lidar,1785125216418425449,1785125216418425449,0,1
202607271206,e2e_trace_v3,17293833482614604763,216183695625683917,radar_front,radar,1785125216518605812,1785125216518605812,0,0
202607271206,e2e_trace_v3,17293833482614604763,72068507549828102,velodyne64,lidar,1785125216518605812,1785125216518605812,0,1
202607271206,e2e_trace_v3,17293833482614604764,216183695625683917,radar_front,radar,1785125216619148601,1785125216619148601,0,0
202607271206,e2e_trace_v3,17293833482614604764,72068507549828103,velodyne64,lidar,1785125216619148601,1785125216619148601,0,1
202607271206,e2e_trace_v3,17293833482614604765,216183695625683918,radar_front,radar,1785125216718540454,1785125216718540454,0,0
202607271206,e2e_trace_v3,17293833482614604765,72068507549828104,velodyne64,lidar,1785125216718540454,1785125216718540454,0,1
202607271206,e2e_trace_v3,17293833482614604766,216183695625683919,radar_front,radar,1785125216818531228,1785125216818531228,0,0
202607271206,e2e_trace_v3,17293833482614604766,72068507549828105,velodyne64,lidar,1785125216818531228,1785125216818531228,0,1
202607271206,e2e_trace_v3,17293833482614604767,216183695625683920,radar_front,radar,1785125216918636276,1785125216918636276,0,0
202607271206,e2e_trace_v3,17293833482614604767,72068507549828106,velodyne64,lidar,1785125216918636276,1785125216918636276,0,1
202607271206,e2e_trace_v3,17293833482614604768,216183695625683921,radar_front,radar,1785125217019366422,1785125217019366422,0,0
202607271206,e2e_trace_v3,17293833482614604768,72068507549828107,velodyne64,lidar,1785125217019366422,1785125217019366422,0,1
202607271206,e2e_trace_v3,17293833482614604769,216183695625683922,radar_front,radar,1785125217119376549,1785125217119376549,0,0
202607271206,e2e_trace_v3,17293833482614604769,72068507549828108,velodyne64,lidar,1785125217119376549,1785125217119376549,0,1
202607271206,e2e_trace_v3,17293833482614604770,216183695625683923,radar_front,radar,1785125217218859297,1785125217218859297,0,0
202607271206,e2e_trace_v3,17293833482614604770,72068507549828109,velodyne64,lidar,1785125217218859297,1785125217218859297,0,1
202607271206,e2e_trace_v3,17293833482614604771,216183695625683925,radar_front,radar,1785125217319354100,1785125217319354100,0,0
202607271206,e2e_trace_v3,17293833482614604771,72068507549828110,velodyne64,lidar,1785125217319354100,1785125217319354100,0,1
202607271206,e2e_trace_v3,17293833482614604772,216183695625683926,radar_front,radar,1785125217418863304,1785125217418863304,0,0
202607271206,e2e_trace_v3,17293833482614604772,72068507549828111,velodyne64,lidar,1785125217418863304,1785125217418863304,0,1
202607271206,e2e_trace_v3,17293833482614604773,216183695625683926,radar_front,radar,1785125217519050101,1785125217519050101,0,0
202607271206,e2e_trace_v3,17293833482614604773,72068507549828112,velodyne64,lidar,1785125217519050101,1785125217519050101,0,1
202607271206,e2e_trace_v3,17293833482614604774,216183695625683928,radar_front,radar,1785125217618908046,1785125217618908046,0,0
202607271206,e2e_trace_v3,17293833482614604774,72068507549828113,velodyne64,lidar,1785125217618908046,1785125217618908046,0,1
202607271206,e2e_trace_v3,17293833482614604775,216183695625683928,radar_front,radar,1785125217718668482,1785125217718668482,0,0
202607271206,e2e_trace_v3,17293833482614604775,72068507549828114,velodyne64,lidar,1785125217718668482,1785125217718668482,0,1
202607271206,e2e_trace_v3,17293833482614604776,216183695625683928,radar_front,radar,1785125217819101516,1785125217819101516,0,0
202607271206,e2e_trace_v3,17293833482614604776,72068507549828115,velodyne64,lidar,1785125217819101516,1785125217819101516,0,1
202607271206,e2e_trace_v3,17293833482614604777,216183695625683929,radar_front,radar,1785125217919702465,1785125217919702465,0,0
202607271206,e2e_trace_v3,17293833482614604777,72068507549828116,velodyne64,lidar,1785125217919702465,1785125217919702465,0,1
202607271206,e2e_trace_v3,17293833482614604778,216183695625683930,radar_front,radar,1785125218018826685,1785125218018826685,0,0
202607271206,e2e_trace_v3,17293833482614604778,72068507549828117,velodyne64,lidar,1785125218018826685,1785125218018826685,0,1
202607271206,e2e_trace_v3,17293833482614604779,216183695625683932,radar_front,radar,1785125218118812825,1785125218118812825,0,0
202607271206,e2e_trace_v3,17293833482614604779,72068507549828118,velodyne64,lidar,1785125218118812825,1785125218118812825,0,1
202607271206,e2e_trace_v3,17293833482614604780,216183695625683932,radar_front,radar,1785125218218563355,1785125218218563355,0,0
202607271206,e2e_trace_v3,17293833482614604780,72068507549828119,velodyne64,lidar,1785125218218563355,1785125218218563355,0,1
202607271206,e2e_trace_v3,17293833482614604781,216183695625683933,radar_front,radar,1785125218319376148,1785125218319376148,0,0
202607271206,e2e_trace_v3,17293833482614604781,72068507549828120,velodyne64,lidar,1785125218319376148,1785125218319376148,0,1
202607271206,e2e_trace_v3,17293833482614604782,216183695625683934,radar_front,radar,1785125218419249585,1785125218419249585,0,0
202607271206,e2e_trace_v3,17293833482614604782,72068507549828121,velodyne64,lidar,1785125218419249585,1785125218419249585,0,1
202607271206,e2e_trace_v3,17293833482614604783,216183695625683935,radar_front,radar,1785125218518631514,1785125218518631514,0,0
202607271206,e2e_trace_v3,17293833482614604783,72068507549828122,velodyne64,lidar,1785125218518631514,1785125218518631514,0,1
202607271206,e2e_trace_v3,17293833482614604784,216183695625683936,radar_front,radar,1785125218619131360,1785125218619131360,0,0
202607271206,e2e_trace_v3,17293833482614604784,72068507549828123,velodyne64,lidar,1785125218619131360,1785125218619131360,0,1
202607271206,e2e_trace_v3,17293833482614604785,216183695625683937,radar_front,radar,1785125218719656040,1785125218719656040,0,0
202607271206,e2e_trace_v3,17293833482614604785,72068507549828124,velodyne64,lidar,1785125218719656040,1785125218719656040,0,1
202607271206,e2e_trace_v3,17293833482614604786,216183695625683938,radar_front,radar,1785125218819229435,1785125218819229435,0,0
202607271206,e2e_trace_v3,17293833482614604786,72068507549828125,velodyne64,lidar,1785125218819229435,1785125218819229435,0,1
202607271206,e2e_trace_v3,17293833482614604787,216183695625683939,radar_front,radar,1785125218919246621,1785125218919246621,0,0
202607271206,e2e_trace_v3,17293833482614604787,72068507549828126,velodyne64,lidar,1785125218919246621,1785125218919246621,0,1
202607271206,e2e_trace_v3,17293833482614604788,216183695625683940,radar_front,radar,1785125219018810987,1785125219018810987,0,0
202607271206,e2e_trace_v3,17293833482614604788,72068507549828127,velodyne64,lidar,1785125219018810987,1785125219018810987,0,1
202607271206,e2e_trace_v3,17293833482614604789,216183695625683941,radar_front,radar,1785125219118994763,1785125219118994763,0,0
202607271206,e2e_trace_v3,17293833482614604789,72068507549828128,velodyne64,lidar,1785125219118994763,1785125219118994763,0,1
202607271206,e2e_trace_v3,17293833482614604790,216183695625683942,radar_front,radar,1785125219218647339,1785125219218647339,0,0
202607271206,e2e_trace_v3,17293833482614604790,72068507549828129,velodyne64,lidar,1785125219218647339,1785125219218647339,0,1
202607271206,e2e_trace_v3,17293833482614604791,216183695625683943,radar_front,radar,1785125219318985734,1785125219318985734,0,0
202607271206,e2e_trace_v3,17293833482614604791,72068507549828130,velodyne64,lidar,1785125219318985734,1785125219318985734,0,1
202607271206,e2e_trace_v3,17293833482614604792,216183695625683944,radar_front,radar,1785125219418937841,1785125219418937841,0,0
202607271206,e2e_trace_v3,17293833482614604792,72068507549828131,velodyne64,lidar,1785125219418937841,1785125219418937841,0,1
202607271206,e2e_trace_v3,17293833482614604793,216183695625683946,radar_front,radar,1785125219519126656,1785125219519126656,0,0
202607271206,e2e_trace_v3,17293833482614604793,72068507549828132,velodyne64,lidar,1785125219519126656,1785125219519126656,0,1
202607271206,e2e_trace_v3,17293833482614604794,216183695625683947,radar_front,radar,1785125219619410561,1785125219619410561,0,0
202607271206,e2e_trace_v3,17293833482614604794,72068507549828133,velodyne64,lidar,1785125219619410561,1785125219619410561,0,1
202607271206,e2e_trace_v3,17293833482614604795,216183695625683947,radar_front,radar,1785125219719800100,1785125219719800100,0,0
202607271206,e2e_trace_v3,17293833482614604795,72068507549828134,velodyne64,lidar,1785125219719800100,1785125219719800100,0,1
202607271206,e2e_trace_v3,17293833482614604796,216183695625683948,radar_front,radar,1785125219819267940,1785125219819267940,0,0
202607271206,e2e_trace_v3,17293833482614604796,72068507549828135,velodyne64,lidar,1785125219819267940,1785125219819267940,0,1
202607271206,e2e_trace_v3,17293833482614604797,216183695625683949,radar_front,radar,1785125219919301780,1785125219919301780,0,0
202607271206,e2e_trace_v3,17293833482614604797,72068507549828136,velodyne64,lidar,1785125219919301780,1785125219919301780,0,1
202607271206,e2e_trace_v3,17293833482614604798,216183695625683951,radar_front,radar,1785125220118708301,1785125220118708301,0,0
202607271206,e2e_trace_v3,17293833482614604798,72068507549828138,velodyne64,lidar,1785125220118708301,1785125220118708301,0,1
202607271206,e2e_trace_v3,17293833482614604799,216183695625683952,radar_front,radar,1785125220219239393,1785125220219239393,0,0
202607271206,e2e_trace_v3,17293833482614604799,72068507549828139,velodyne64,lidar,1785125220219239393,1785125220219239393,0,1
202607271206,e2e_trace_v3,17293833482614604800,216183695625683953,radar_front,radar,1785125220320198582,1785125220320198582,0,0
202607271206,e2e_trace_v3,17293833482614604800,72068507549828140,velodyne64,lidar,1785125220320198582,1785125220320198582,0,1
202607271206,e2e_trace_v3,17293833482614604801,216183695625683954,radar_front,radar,1785125220418672117,1785125220418672117,0,0
202607271206,e2e_trace_v3,17293833482614604801,72068507549828141,velodyne64,lidar,1785125220418672117,1785125220418672117,0,1
202607271206,e2e_trace_v3,17293833482614604802,216183695625683954,radar_front,radar,1785125220518590820,1785125220518590820,0,0
202607271206,e2e_trace_v3,17293833482614604802,72068507549828142,velodyne64,lidar,1785125220518590820,1785125220518590820,0,1
202607271206,e2e_trace_v3,17293833482614604803,216183695625683955,radar_front,radar,1785125220619829495,1785125220619829495,0,0
202607271206,e2e_trace_v3,17293833482614604803,72068507549828143,velodyne64,lidar,1785125220619829495,1785125220619829495,0,1
202607271206,e2e_trace_v3,17293833482614604804,216183695625683956,radar_front,radar,1785125220719620806,1785125220719620806,0,0
202607271206,e2e_trace_v3,17293833482614604804,72068507549828144,velodyne64,lidar,1785125220719620806,1785125220719620806,0,1
202607271206,e2e_trace_v3,17293833482614604805,216183695625683957,radar_front,radar,1785125220818804208,1785125220818804208,0,0
202607271206,e2e_trace_v3,17293833482614604805,72068507549828145,velodyne64,lidar,1785125220818804208,1785125220818804208,0,1
202607271206,e2e_trace_v3,17293833482614604806,216183695625683958,radar_front,radar,1785125220918963355,1785125220918963355,0,0
202607271206,e2e_trace_v3,17293833482614604806,72068507549828146,velodyne64,lidar,1785125220918963355,1785125220918963355,0,1
202607271206,e2e_trace_v3,17293833482614604807,216183695625683959,radar_front,radar,1785125221018914248,1785125221018914248,0,0
202607271206,e2e_trace_v3,17293833482614604807,72068507549828147,velodyne64,lidar,1785125221018914248,1785125221018914248,0,1
202607271206,e2e_trace_v3,17293833482614604808,216183695625683960,radar_front,radar,1785125221119009397,1785125221119009397,0,0
202607271206,e2e_trace_v3,17293833482614604808,72068507549828148,velodyne64,lidar,1785125221119009397,1785125221119009397,0,1
202607271206,e2e_trace_v3,17293833482614604809,216183695625683961,radar_front,radar,1785125221219079443,1785125221219079443,0,0
202607271206,e2e_trace_v3,17293833482614604809,72068507549828149,velodyne64,lidar,1785125221219079443,1785125221219079443,0,1
202607271206,e2e_trace_v3,17293833482614604810,216183695625683962,radar_front,radar,1785125221319299011,1785125221319299011,0,0
202607271206,e2e_trace_v3,17293833482614604810,72068507549828150,velodyne64,lidar,1785125221319299011,1785125221319299011,0,1
202607271206,e2e_trace_v3,17293833482614604811,216183695625683963,radar_front,radar,1785125221418856467,1785125221418856467,0,0
202607271206,e2e_trace_v3,17293833482614604811,72068507549828151,velodyne64,lidar,1785125221418856467,1785125221418856467,0,1
202607271206,e2e_trace_v3,17293833482614604812,216183695625683964,radar_front,radar,1785125221518773202,1785125221518773202,0,0
202607271206,e2e_trace_v3,17293833482614604812,72068507549828152,velodyne64,lidar,1785125221518773202,1785125221518773202,0,1
202607271206,e2e_trace_v3,17293833482614604813,216183695625683965,radar_front,radar,1785125221619193556,1785125221619193556,0,0
202607271206,e2e_trace_v3,17293833482614604813,72068507549828153,velodyne64,lidar,1785125221619193556,1785125221619193556,0,1
202607271206,e2e_trace_v3,17293833482614604814,216183695625683966,radar_front,radar,1785125221718863613,1785125221718863613,0,0
202607271206,e2e_trace_v3,17293833482614604814,72068507549828154,velodyne64,lidar,1785125221718863613,1785125221718863613,0,1
202607271206,e2e_trace_v3,17293833482614604815,216183695625683967,radar_front,radar,1785125221819148304,1785125221819148304,0,0
202607271206,e2e_trace_v3,17293833482614604815,72068507549828155,velodyne64,lidar,1785125221819148304,1785125221819148304,0,1
202607271206,e2e_trace_v3,17293833482614604816,216183695625683968,radar_front,radar,1785125221919016458,1785125221919016458,0,0
202607271206,e2e_trace_v3,17293833482614604816,72068507549828156,velodyne64,lidar,1785125221919016458,1785125221919016458,0,1
202607271206,e2e_trace_v3,17293833482614604817,216183695625683969,radar_front,radar,1785125222019004872,1785125222019004872,0,0
202607271206,e2e_trace_v3,17293833482614604817,72068507549828157,velodyne64,lidar,1785125222019004872,1785125222019004872,0,1
202607271206,e2e_trace_v3,17293833482614604818,216183695625683970,radar_front,radar,1785125222119619711,1785125222119619711,0,0
202607271206,e2e_trace_v3,17293833482614604818,72068507549828158,velodyne64,lidar,1785125222119619711,1785125222119619711,0,1
202607271206,e2e_trace_v3,17293833482614604819,216183695625683970,radar_front,radar,1785125222218652511,1785125222218652511,0,0
202607271206,e2e_trace_v3,17293833482614604819,72068507549828159,velodyne64,lidar,1785125222218652511,1785125222218652511,0,1
202607271206,e2e_trace_v3,17293833482614604820,216183695625683971,radar_front,radar,1785125222319317707,1785125222319317707,0,0
202607271206,e2e_trace_v3,17293833482614604820,72068507549828160,velodyne64,lidar,1785125222319317707,1785125222319317707,0,1
202607271206,e2e_trace_v3,17293833482614604821,216183695625683973,radar_front,radar,1785125222418661193,1785125222418661193,0,0
202607271206,e2e_trace_v3,17293833482614604821,72068507549828161,velodyne64,lidar,1785125222418661193,1785125222418661193,0,1
202607271206,e2e_trace_v3,17293833482614604822,216183695625683973,radar_front,radar,1785125222518426541,1785125222518426541,0,0
202607271206,e2e_trace_v3,17293833482614604822,72068507549828162,velodyne64,lidar,1785125222518426541,1785125222518426541,0,1
202607271206,e2e_trace_v3,17293833482614604823,216183695625683975,radar_front,radar,1785125222618543855,1785125222618543855,0,0
202607271206,e2e_trace_v3,17293833482614604823,72068507549828163,velodyne64,lidar,1785125222618543855,1785125222618543855,0,1
202607271206,e2e_trace_v3,17293833482614604824,216183695625683975,radar_front,radar,1785125222718482106,1785125222718482106,0,0
202607271206,e2e_trace_v3,17293833482614604824,72068507549828164,velodyne64,lidar,1785125222718482106,1785125222718482106,0,1
202607271206,e2e_trace_v3,17293833482614604825,216183695625683976,radar_front,radar,1785125222818929586,1785125222818929586,0,0
202607271206,e2e_trace_v3,17293833482614604825,72068507549828165,velodyne64,lidar,1785125222818929586,1785125222818929586,0,1
202607271206,e2e_trace_v3,17293833482614604826,216183695625683977,radar_front,radar,1785125222919051262,1785125222919051262,0,0
202607271206,e2e_trace_v3,17293833482614604826,72068507549828166,velodyne64,lidar,1785125222919051262,1785125222919051262,0,1
202607271206,e2e_trace_v3,17293833482614604827,216183695625683978,radar_front,radar,1785125223018883844,1785125223018883844,0,0
202607271206,e2e_trace_v3,17293833482614604827,72068507549828167,velodyne64,lidar,1785125223018883844,1785125223018883844,0,1
202607271206,e2e_trace_v3,17293833482614604828,216183695625683979,radar_front,radar,1785125223118842667,1785125223118842667,0,0
202607271206,e2e_trace_v3,17293833482614604828,72068507549828168,velodyne64,lidar,1785125223118842667,1785125223118842667,0,1
202607271206,e2e_trace_v3,17293833482614604829,216183695625683980,radar_front,radar,1785125223218801534,1785125223218801534,0,0
202607271206,e2e_trace_v3,17293833482614604829,72068507549828169,velodyne64,lidar,1785125223218801534,1785125223218801534,0,1
202607271206,e2e_trace_v3,17293833482614604830,216183695625683981,radar_front,radar,1785125223318634724,1785125223318634724,0,0
202607271206,e2e_trace_v3,17293833482614604830,72068507549828170,velodyne64,lidar,1785125223318634724,1785125223318634724,0,1
202607271206,e2e_trace_v3,17293833482614604831,216183695625683983,radar_front,radar,1785125223419121198,1785125223419121198,0,0
202607271206,e2e_trace_v3,17293833482614604831,72068507549828171,velodyne64,lidar,1785125223419121198,1785125223419121198,0,1
202607271206,e2e_trace_v3,17293833482614604832,216183695625683984,radar_front,radar,1785125223518597530,1785125223518597530,0,0
202607271206,e2e_trace_v3,17293833482614604832,72068507549828172,velodyne64,lidar,1785125223518597530,1785125223518597530,0,1
202607271206,e2e_trace_v3,17293833482614604833,216183695625683985,radar_front,radar,1785125223618521047,1785125223618521047,0,0
202607271206,e2e_trace_v3,17293833482614604833,72068507549828173,velodyne64,lidar,1785125223618521047,1785125223618521047,0,1
202607271206,e2e_trace_v3,17293833482614604834,216183695625683986,radar_front,radar,1785125223721314179,1785125223721314179,0,0
202607271206,e2e_trace_v3,17293833482614604834,72068507549828174,velodyne64,lidar,1785125223721314179,1785125223721314179,0,1
202607271206,e2e_trace_v3,17293833482614604835,216183695625683987,radar_front,radar,1785125223823337282,1785125223823337282,0,0
202607271206,e2e_trace_v3,17293833482614604835,72068507549828175,velodyne64,lidar,1785125223823337282,1785125223823337282,0,1
202607271206,e2e_trace_v3,17293833482614604836,216183695625683987,radar_front,radar,1785125223918607670,1785125223918607670,0,0
202607271206,e2e_trace_v3,17293833482614604836,72068507549828176,velodyne64,lidar,1785125223918607670,1785125223918607670,0,1
202607271206,e2e_trace_v3,17293833482614604837,216183695625683988,radar_front,radar,1785125224018864040,1785125224018864040,0,0
202607271206,e2e_trace_v3,17293833482614604837,72068507549828177,velodyne64,lidar,1785125224018864040,1785125224018864040,0,1
202607271206,e2e_trace_v3,17293833482614604838,216183695625683989,radar_front,radar,1785125224118616036,1785125224118616036,0,0
202607271206,e2e_trace_v3,17293833482614604838,72068507549828178,velodyne64,lidar,1785125224118616036,1785125224118616036,0,1
202607271206,e2e_trace_v3,17293833482614604839,216183695625683990,radar_front,radar,1785125224218878669,1785125224218878669,0,0
202607271206,e2e_trace_v3,17293833482614604839,72068507549828179,velodyne64,lidar,1785125224218878669,1785125224218878669,0,1
202607271206,e2e_trace_v3,17293833482614604840,216183695625683991,radar_front,radar,1785125224318565426,1785125224318565426,0,0
202607271206,e2e_trace_v3,17293833482614604840,72068507549828180,velodyne64,lidar,1785125224318565426,1785125224318565426,0,1
202607271206,e2e_trace_v3,17293833482614604841,216183695625683992,radar_front,radar,1785125224419099472,1785125224419099472,0,0
202607271206,e2e_trace_v3,17293833482614604841,72068507549828181,velodyne64,lidar,1785125224419099472,1785125224419099472,0,1
202607271206,e2e_trace_v3,17293833482614604842,216183695625683994,radar_front,radar,1785125224519325634,1785125224519325634,0,0
202607271206,e2e_trace_v3,17293833482614604842,72068507549828182,velodyne64,lidar,1785125224519325634,1785125224519325634,0,1
202607271206,e2e_trace_v3,17293833482614604843,216183695625683995,radar_front,radar,1785125224619015074,1785125224619015074,0,0
202607271206,e2e_trace_v3,17293833482614604843,72068507549828183,velodyne64,lidar,1785125224619015074,1785125224619015074,0,1
202607271206,e2e_trace_v3,17293833482614604844,216183695625683996,radar_front,radar,1785125224719401443,1785125224719401443,1,0
202607271206,e2e_trace_v3,17293833482614604844,72068507549828184,velodyne64,lidar,1785125224719401443,1785125224719401443,1,1
202607271206,e2e_trace_v3,17293833482614604845,216183695625683997,radar_front,radar,1785125224819470764,1785125224819470764,0,0
202607271206,e2e_trace_v3,17293833482614604845,72068507549828185,velodyne64,lidar,1785125224819470764,1785125224819470764,0,1
202607271206,e2e_trace_v3,17293833482614604846,216183695625683997,radar_front,radar,1785125224918600987,1785125224918600987,0,0
202607271206,e2e_trace_v3,17293833482614604846,72068507549828186,velodyne64,lidar,1785125224918600987,1785125224918600987,0,1
202607271206,e2e_trace_v3,17293833482614604847,216183695625683998,radar_front,radar,1785125225019009475,1785125225019009475,1,0
202607271206,e2e_trace_v3,17293833482614604847,72068507549828187,velodyne64,lidar,1785125225019009475,1785125225019009475,1,1
202607271206,e2e_trace_v3,17293833482614604848,216183695625683999,radar_front,radar,1785125225118630842,1785125225118630842,0,0
202607271206,e2e_trace_v3,17293833482614604848,72068507549828188,velodyne64,lidar,1785125225118630842,1785125225118630842,0,1
202607271206,e2e_trace_v3,17293833482614604849,216183695625684000,radar_front,radar,1785125225219214642,1785125225219214642,1,0
202607271206,e2e_trace_v3,17293833482614604849,72068507549828189,velodyne64,lidar,1785125225219214642,1785125225219214642,1,1
202607271206,e2e_trace_v3,17293833482614604850,216183695625684001,radar_front,radar,1785125225318841794,1785125225318841794,1,0
202607271206,e2e_trace_v3,17293833482614604850,72068507549828190,velodyne64,lidar,1785125225318841794,1785125225318841794,1,1
202607271206,e2e_trace_v3,17293833482614604851,216183695625684003,radar_front,radar,1785125225418441701,1785125225418441701,2,0
202607271206,e2e_trace_v3,17293833482614604851,72068507549828191,velodyne64,lidar,1785125225418441701,1785125225418441701,2,1
202607271206,e2e_trace_v3,17293833482614604852,216183695625684004,radar_front,radar,1785125225545793666,1785125225545793666,1,0
202607271206,e2e_trace_v3,17293833482614604852,72068507549828192,velodyne64,lidar,1785125225545793666,1785125225545793666,1,1
202607271206,e2e_trace_v3,17293833482614604853,216183695625684005,radar_front,radar,1785125225628519822,1785125225628519822,2,0
202607271206,e2e_trace_v3,17293833482614604853,72068507549828193,velodyne64,lidar,1785125225628519822,1785125225628519822,2,1
202607271206,e2e_trace_v3,17293833482614604854,216183695625684006,radar_front,radar,1785125225719513359,1785125225719513359,2,0
202607271206,e2e_trace_v3,17293833482614604854,72068507549828194,velodyne64,lidar,1785125225719513359,1785125225719513359,2,1
202607271206,e2e_trace_v3,17293833482614604855,216183695625684007,radar_front,radar,1785125225820693960,1785125225820693960,1,0
202607271206,e2e_trace_v3,17293833482614604855,72068507549828195,velodyne64,lidar,1785125225820693960,1785125225820693960,1,1
202607271206,e2e_trace_v3,17293833482614604856,216183695625684008,radar_front,radar,1785125225918644398,1785125225918644398,0,0
202607271206,e2e_trace_v3,17293833482614604856,72068507549828196,velodyne64,lidar,1785125225918644398,1785125225918644398,0,1
202607271206,e2e_trace_v3,17293833482614604857,216183695625684009,radar_front,radar,1785125226018786354,1785125226018786354,1,0
202607271206,e2e_trace_v3,17293833482614604857,72068507549828197,velodyne64,lidar,1785125226018786354,1785125226018786354,1,1
202607271206,e2e_trace_v3,17293833482614604858,216183695625684011,radar_front,radar,1785125226119655071,1785125226119655071,1,0
202607271206,e2e_trace_v3,17293833482614604858,72068507549828198,velodyne64,lidar,1785125226119655071,1785125226119655071,1,1
202607271206,e2e_trace_v3,17293833482614604859,216183695625684012,radar_front,radar,1785125226319460394,1785125226319460394,2,0
202607271206,e2e_trace_v3,17293833482614604859,72068507549828200,velodyne64,lidar,1785125226319460394,1785125226319460394,2,1
202607271206,e2e_trace_v3,17293833482614604860,216183695625684013,radar_front,radar,1785125226520108691,1785125226520108691,1,0
202607271206,e2e_trace_v3,17293833482614604860,72068507549828202,velodyne64,lidar,1785125226520108691,1785125226520108691,1,1
202607271206,e2e_trace_v3,17293833482614604861,72068507549828204,velodyne64,lidar,1785125226719458486,1785125226719458486,1,1
202607271206,e2e_trace_v3,17293833482614604862,216183695625684016,radar_front,radar,1785125226920115229,1785125226920115229,0,0
202607271206,e2e_trace_v3,17293833482614604862,72068507549828206,velodyne64,lidar,1785125226920115229,1785125226920115229,0,1
202607271206,e2e_trace_v3,17293833482614604863,216183695625684018,radar_front,radar,1785125227219095571,1785125227219095571,1,0
202607271206,e2e_trace_v3,17293833482614604863,72068507549828209,velodyne64,lidar,1785125227219095571,1785125227219095571,1,1
202607271206,e2e_trace_v3,17293833482614604864,216183695625684019,radar_front,radar,1785125227419722458,1785125227419722458,1,0
202607271206,e2e_trace_v3,17293833482614604864,72068507549828211,velodyne64,lidar,1785125227419722458,1785125227419722458,1,1
202607271206,e2e_trace_v3,17293833482614604865,216183695625684020,radar_front,radar,1785125227518818730,1785125227518818730,1,0
202607271206,e2e_trace_v3,17293833482614604865,72068507549828212,velodyne64,lidar,1785125227518818730,1785125227518818730,1,1
202607271206,e2e_trace_v3,17293833482614604866,216183695625684021,radar_front,radar,1785125227618967233,1785125227618967233,1,0
202607271206,e2e_trace_v3,17293833482614604866,72068507549828213,velodyne64,lidar,1785125227618967233,1785125227618967233,1,1
202607271206,e2e_trace_v3,17293833482614604867,216183695625684022,radar_front,radar,1785125227718961951,1785125227718961951,2,0
202607271206,e2e_trace_v3,17293833482614604867,72068507549828214,velodyne64,lidar,1785125227718961951,1785125227718961951,2,1
202607271206,e2e_trace_v3,17293833482614604868,216183695625684023,radar_front,radar,1785125227819088034,1785125227819088034,1,0
202607271206,e2e_trace_v3,17293833482614604868,72068507549828215,velodyne64,lidar,1785125227819088034,1785125227819088034,1,1
202607271206,e2e_trace_v3,17293833482614604869,216183695625684024,radar_front,radar,1785125227918871294,1785125227918871294,1,0
202607271206,e2e_trace_v3,17293833482614604869,72068507549828216,velodyne64,lidar,1785125227918871294,1785125227918871294,1,1
202607271206,e2e_trace_v3,17293833482614604870,216183695625684024,radar_front,radar,1785125228019357691,1785125228019357691,1,0
202607271206,e2e_trace_v3,17293833482614604870,72068507549828217,velodyne64,lidar,1785125228019357691,1785125228019357691,1,1
202607271206,e2e_trace_v3,17293833482614604871,216183695625684025,radar_front,radar,1785125228119133974,1785125228119133974,1,0
202607271206,e2e_trace_v3,17293833482614604871,72068507549828218,velodyne64,lidar,1785125228119133974,1785125228119133974,1,1
202607271206,e2e_trace_v3,17293833482614604872,216183695625684026,radar_front,radar,1785125228219705581,1785125228219705581,1,0
202607271206,e2e_trace_v3,17293833482614604872,72068507549828219,velodyne64,lidar,1785125228219705581,1785125228219705581,1,1
202607271206,e2e_trace_v3,17293833482614604873,216183695625684027,radar_front,radar,1785125228319038416,1785125228319038416,1,0
202607271206,e2e_trace_v3,17293833482614604873,72068507549828220,velodyne64,lidar,1785125228319038416,1785125228319038416,1,1
202607271206,e2e_trace_v3,17293833482614604874,216183695625684028,radar_front,radar,1785125228419653270,1785125228419653270,1,0
202607271206,e2e_trace_v3,17293833482614604874,72068507549828221,velodyne64,lidar,1785125228419653270,1785125228419653270,1,1
202607271206,e2e_trace_v3,17293833482614604875,216183695625684029,radar_front,radar,1785125228519715322,1785125228519715322,1,0
202607271206,e2e_trace_v3,17293833482614604875,72068507549828222,velodyne64,lidar,1785125228519715322,1785125228519715322,1,1
202607271206,e2e_trace_v3,17293833482614604876,216183695625684030,radar_front,radar,1785125228619305411,1785125228619305411,1,0
202607271206,e2e_trace_v3,17293833482614604876,72068507549828223,velodyne64,lidar,1785125228619305411,1785125228619305411,1,1
202607271206,e2e_trace_v3,17293833482614604877,216183695625684031,radar_front,radar,1785125228719453307,1785125228719453307,1,0
202607271206,e2e_trace_v3,17293833482614604877,72068507549828224,velodyne64,lidar,1785125228719453307,1785125228719453307,1,1
202607271206,e2e_trace_v3,17293833482614604878,216183695625684032,radar_front,radar,1785125228819051878,1785125228819051878,1,0
202607271206,e2e_trace_v3,17293833482614604878,72068507549828225,velodyne64,lidar,1785125228819051878,1785125228819051878,1,1
202607271206,e2e_trace_v3,17293833482614604879,216183695625684033,radar_front,radar,1785125228920901779,1785125228920901779,1,0
202607271206,e2e_trace_v3,17293833482614604879,72068507549828226,velodyne64,lidar,1785125228920901779,1785125228920901779,1,1
202607271206,e2e_trace_v3,17293833482614604880,216183695625684033,radar_front,radar,1785125229018767949,1785125229018767949,1,0
202607271206,e2e_trace_v3,17293833482614604880,72068507549828227,velodyne64,lidar,1785125229018767949,1785125229018767949,1,1
202607271206,e2e_trace_v3,17293833482614604881,216183695625684034,radar_front,radar,1785125229119939637,1785125229119939637,1,0
202607271206,e2e_trace_v3,17293833482614604881,72068507549828228,velodyne64,lidar,1785125229119939637,1785125229119939637,1,1
202607271206,e2e_trace_v3,17293833482614604882,216183695625684035,radar_front,radar,1785125229219528372,1785125229219528372,2,0
202607271206,e2e_trace_v3,17293833482614604882,72068507549828229,velodyne64,lidar,1785125229219528372,1785125229219528372,2,1
202607271206,e2e_trace_v3,17293833482614604883,216183695625684036,radar_front,radar,1785125229318911707,1785125229318911707,1,0
202607271206,e2e_trace_v3,17293833482614604883,72068507549828230,velodyne64,lidar,1785125229318911707,1785125229318911707,1,1
202607271206,e2e_trace_v3,17293833482614604884,216183695625684037,radar_front,radar,1785125229419397715,1785125229419397715,1,0
202607271206,e2e_trace_v3,17293833482614604884,72068507549828231,velodyne64,lidar,1785125229419397715,1785125229419397715,1,1
202607271206,e2e_trace_v3,17293833482614604885,216183695625684037,radar_front,radar,1785125229519553143,1785125229519553143,1,0
202607271206,e2e_trace_v3,17293833482614604885,72068507549828232,velodyne64,lidar,1785125229519553143,1785125229519553143,1,1
202607271206,e2e_trace_v3,17293833482614604886,216183695625684038,radar_front,radar,1785125229622244290,1785125229622244290,1,0
202607271206,e2e_trace_v3,17293833482614604886,72068507549828233,velodyne64,lidar,1785125229622244290,1785125229622244290,1,1
202607271206,e2e_trace_v3,17293833482614604887,216183695625684039,radar_front,radar,1785125229718972154,1785125229718972154,1,0
202607271206,e2e_trace_v3,17293833482614604887,72068507549828234,velodyne64,lidar,1785125229718972154,1785125229718972154,1,1
202607271206,e2e_trace_v3,17293833482614604888,216183695625684039,radar_front,radar,1785125229819376317,1785125229819376317,1,0
202607271206,e2e_trace_v3,17293833482614604888,72068507549828235,velodyne64,lidar,1785125229819376317,1785125229819376317,1,1
202607271206,e2e_trace_v3,17293833482614604889,216183695625684040,radar_front,radar,1785125229919529282,1785125229919529282,1,0
202607271206,e2e_trace_v3,17293833482614604889,72068507549828236,velodyne64,lidar,1785125229919529282,1785125229919529282,1,1
202607271206,e2e_trace_v3,17293833482614604890,216183695625684041,radar_front,radar,1785125230019030524,1785125230019030524,0,0
202607271206,e2e_trace_v3,17293833482614604890,72068507549828237,velodyne64,lidar,1785125230019030524,1785125230019030524,0,1
202607271206,e2e_trace_v3,17293833482614604891,216183695625684042,radar_front,radar,1785125230119731891,1785125230119731891,1,0
202607271206,e2e_trace_v3,17293833482614604891,72068507549828238,velodyne64,lidar,1785125230119731891,1785125230119731891,1,1
202607271206,e2e_trace_v3,17293833482614604892,216183695625684042,radar_front,radar,1785125230219244657,1785125230219244657,1,0
202607271206,e2e_trace_v3,17293833482614604892,72068507549828239,velodyne64,lidar,1785125230219244657,1785125230219244657,1,1
202607271206,e2e_trace_v3,17293833482614604893,216183695625684043,radar_front,radar,1785125230318924754,1785125230318924754,1,0
202607271206,e2e_trace_v3,17293833482614604893,72068507549828240,velodyne64,lidar,1785125230318924754,1785125230318924754,1,1
202607271206,e2e_trace_v3,17293833482614604894,216183695625684043,radar_front,radar,1785125230419427250,1785125230419427250,0,0
202607271206,e2e_trace_v3,17293833482614604894,72068507549828241,velodyne64,lidar,1785125230419427250,1785125230419427250,0,1
202607271206,e2e_trace_v3,17293833482614604895,216183695625684044,radar_front,radar,1785125230518754664,1785125230518754664,1,0
202607271206,e2e_trace_v3,17293833482614604895,72068507549828242,velodyne64,lidar,1785125230518754664,1785125230518754664,1,1
202607271206,e2e_trace_v3,17293833482614604896,216183695625684045,radar_front,radar,1785125230619141697,1785125230619141697,0,0
202607271206,e2e_trace_v3,17293833482614604896,72068507549828243,velodyne64,lidar,1785125230619141697,1785125230619141697,0,1
202607271206,e2e_trace_v3,17293833482614604897,216183695625684046,radar_front,radar,1785125230719241076,1785125230719241076,1,0
202607271206,e2e_trace_v3,17293833482614604897,72068507549828244,velodyne64,lidar,1785125230719241076,1785125230719241076,1,1
202607271206,e2e_trace_v3,17293833482614604898,216183695625684046,radar_front,radar,1785125230818856326,1785125230818856326,0,0
202607271206,e2e_trace_v3,17293833482614604898,72068507549828245,velodyne64,lidar,1785125230818856326,1785125230818856326,0,1
202607271206,e2e_trace_v3,17293833482614604899,216183695625684047,radar_front,radar,1785125230919705203,1785125230919705203,0,0
202607271206,e2e_trace_v3,17293833482614604899,72068507549828246,velodyne64,lidar,1785125230919705203,1785125230919705203,0,1
202607271206,e2e_trace_v3,17293833482614604900,216183695625684048,radar_front,radar,1785125231020312402,1785125231020312402,1,0
202607271206,e2e_trace_v3,17293833482614604900,72068507549828247,velodyne64,lidar,1785125231020312402,1785125231020312402,1,1
202607271206,e2e_trace_v3,17293833482614604901,216183695625684049,radar_front,radar,1785125231119255234,1785125231119255234,1,0
202607271206,e2e_trace_v3,17293833482614604901,72068507549828248,velodyne64,lidar,1785125231119255234,1785125231119255234,1,1
202607271206,e2e_trace_v3,17293833482614604902,216183695625684049,radar_front,radar,1785125231219136220,1785125231219136220,1,0
202607271206,e2e_trace_v3,17293833482614604902,72068507549828249,velodyne64,lidar,1785125231219136220,1785125231219136220,1,1
202607271206,e2e_trace_v3,17293833482614604903,216183695625684051,radar_front,radar,1785125231319687280,1785125231319687280,1,0
202607271206,e2e_trace_v3,17293833482614604903,72068507549828250,velodyne64,lidar,1785125231319687280,1785125231319687280,1,1
202607271206,e2e_trace_v3,17293833482614604904,216183695625684051,radar_front,radar,1785125231419481696,1785125231419481696,1,0
202607271206,e2e_trace_v3,17293833482614604904,72068507549828251,velodyne64,lidar,1785125231419481696,1785125231419481696,1,1
202607271206,e2e_trace_v3,17293833482614604905,72068507549828252,velodyne64,lidar,1785125231518639035,1785125231518639035,1,1
202607271206,e2e_trace_v3,17293833482614604906,216183695625684053,radar_front,radar,1785125231618785821,1785125231618785821,1,0
202607271206,e2e_trace_v3,17293833482614604906,72068507549828253,velodyne64,lidar,1785125231618785821,1785125231618785821,1,1
202607271206,e2e_trace_v3,17293833482614604907,216183695625684054,radar_front,radar,1785125231718781431,1785125231718781431,1,0
202607271206,e2e_trace_v3,17293833482614604907,72068507549828254,velodyne64,lidar,1785125231718781431,1785125231718781431,1,1
202607271206,e2e_trace_v3,17293833482614604908,216183695625684055,radar_front,radar,1785125231819760065,1785125231819760065,1,0
202607271206,e2e_trace_v3,17293833482614604908,72068507549828255,velodyne64,lidar,1785125231819760065,1785125231819760065,1,1
202607271206,e2e_trace_v3,17293833482614604909,216183695625684056,radar_front,radar,1785125231918845863,1785125231918845863,0,0
202607271206,e2e_trace_v3,17293833482614604909,72068507549828256,velodyne64,lidar,1785125231918845863,1785125231918845863,0,1
202607271206,e2e_trace_v3,17293833482614604910,216183695625684057,radar_front,radar,1785125232018866517,1785125232018866517,0,0
202607271206,e2e_trace_v3,17293833482614604910,72068507549828257,velodyne64,lidar,1785125232018866517,1785125232018866517,0,1
202607271206,e2e_trace_v3,17293833482614604911,216183695625684057,radar_front,radar,1785125232119625157,1785125232119625157,0,0
202607271206,e2e_trace_v3,17293833482614604911,72068507549828258,velodyne64,lidar,1785125232119625157,1785125232119625157,0,1
202607271206,e2e_trace_v3,17293833482614604912,216183695625684058,radar_front,radar,1785125232218798933,1785125232218798933,0,0
202607271206,e2e_trace_v3,17293833482614604912,72068507549828259,velodyne64,lidar,1785125232218798933,1785125232218798933,0,1
202607271206,e2e_trace_v3,17293833482614604913,216183695625684059,radar_front,radar,1785125232318875894,1785125232318875894,0,0
202607271206,e2e_trace_v3,17293833482614604913,72068507549828260,velodyne64,lidar,1785125232318875894,1785125232318875894,0,1
202607271206,e2e_trace_v3,17293833482614604914,216183695625684061,radar_front,radar,1785125232418873746,1785125232418873746,0,0
202607271206,e2e_trace_v3,17293833482614604914,72068507549828261,velodyne64,lidar,1785125232418873746,1785125232418873746,0,1
202607271206,e2e_trace_v3,17293833482614604915,216183695625684062,radar_front,radar,1785125232519018896,1785125232519018896,0,0
202607271206,e2e_trace_v3,17293833482614604915,72068507549828262,velodyne64,lidar,1785125232519018896,1785125232519018896,0,1
202607271206,e2e_trace_v3,17293833482614604916,216183695625684062,radar_front,radar,1785125232618834438,1785125232618834438,0,0
202607271206,e2e_trace_v3,17293833482614604916,72068507549828263,velodyne64,lidar,1785125232618834438,1785125232618834438,0,1
202607271206,e2e_trace_v3,17293833482614604917,216183695625684063,radar_front,radar,1785125232718983478,1785125232718983478,0,0
202607271206,e2e_trace_v3,17293833482614604917,72068507549828264,velodyne64,lidar,1785125232718983478,1785125232718983478,0,1
