            CPU0       CPU1       CPU2       CPU3       CPU4       CPU5       CPU6       CPU7       CPU8       CPU9       CPU10      CPU11      CPU12      CPU13      CPU14      CPU15      CPU16      CPU17      CPU18      CPU19      CPU20      CPU21      CPU22      CPU23      CPU24      CPU25      CPU26      CPU27      CPU28      CPU29      CPU30      CPU31      
   8:          0          0          0          0          0          0          0          0          0          0          0          0          0          0          0          0          0          0          0          0          0          0          0          0          0          0          0          0          0          0          0          0  IR-IO-APIC    8-edge      rtc0
   9:          0          2          0          0          0          0          0          0          0          0          0          0          0          0          0          0          0          0          0          0          0          0          0          0          0          0          0          0          0          0          0          0  IR-IO-APIC    9-fasteoi   acpi
  17:          0          0          0          0          0          0          0          0          0          0          0       1644          0          0          0          0          0          0          0          0          0          0          0          0          0          0          0          0          0          0          0          0  IR-IO-APIC   17-fasteoi   snd_hda_intel:card1
  18:          0          0          0          0          0          0          0          0          0          0          0          0          0          0          0          0          0          0          0          0          0          0          0          0          0          0          0          0          0          0          0          0  IR-IO-APIC   18-fasteoi   i801_smbus
 120:          0          0          0          0          0          0          0          0          0          0          0          0          0          0          0          0          0          0          0          0          0          0          0          0          0          0          0          0          0          0          0          0  DMAR-MSI    0-edge      dmar0
 121:          0          0          0          0          0          0          0          0          0          0          0          0          0          0          0          0          0          0          0          0          0          0          0          0          0          0          0          0          0          0          0          0  DMAR-MSI    1-edge      dmar1
 122:          0          0          0          0          0          0          0          0          0          0          0          0          0          0          0          0          0          0          0          0          0          0          0          0          0          0          0          0          0          0          0          0  IR-PCI-MSI 16384-edge      PCIe PME, aerdrv
 123:          0          0          0          0          0          0          0          0          0          0          0          0          0          0          0          0          0          0          0          0          0          0          0          0          0          0          0          0          0          0          0          0  IR-PCI-MSI 425984-edge      PCIe PME, aerdrv
 124:          0          0          0          0          0          0         47          0          0          0          0          0          0          0          0          0          0          0          0          0          0  394556423          0          0          0          0          0          0          0          0          0          0  IR-PCI-MSI 520192-edge      eno1
 125:          0          0          0          0          0          0          0          0          0          0          0          0          0          0          0          0          0          0          0          0          0          0          0          0          0          0          0          0          0          0          0          0  IR-PCI-MSI 376832-edge      ahci[0000:00:17.0]
 126:          0          0          0          0          0          0          0          0          0         47          0          0          0          0          0          0          0          0          0          0         19          0          0          0          0          0          0          0          0          0          0          0  IR-PCI-MSI 1048576-edge      nvme0q0
 127:          0          0          0          0          0          0    1301302          0        233          0          0          0          0          0          0          0       1309          0          0          0          0          0          0          0          0          0          0          0          0          0          0          0  IR-PCI-MSI 327680-edge      xhci_hcd
 128:          0     169721          0          0          0          0          0          0          0          0          0          0          0          0          0          0          0          0          0          0          0          0          0          0          0          0          0          0          0          0          0          0  IR-PCI-MSI 1048577-edge      nvme0q1
 129:          0          0          0     154965          0          0          0          0          0          0          0          0          0          0          0          0          0          0          0          0          0          0          0          0          0          0          0          0          0          0          0          0  IR-PCI-MSI 1048578-edge      nvme0q2
 130:          0          0          0          0          0     116704          0          0          0          0          0          0          0          0          0          0          0          0          0          0          0          0          0          0          0          0          0          0          0          0          0          0  IR-PCI-MSI 1048579-edge      nvme0q3
 131:          0          0          0          0          0          0          0     148328          0          0          0          0          0          0          0          0          0          0          0          0          0          0          0          0          0          0          0          0          0          0          0          0  IR-PCI-MSI 1048580-edge      nvme0q4
 132:          0          0          0          0          0          0          0          0          0     169058          0          0          0          0          0          0          0          0          0          0          0          0          0          0          0          0          0          0          0          0          0          0  IR-PCI-MSI 1048581-edge      nvme0q5
 133:          0          0          0          0          0          0          0          0          0          0          0     183807          0          0          0          0          0          0          0          0          0          0          0          0          0          0          0          0          0          0          0          0  IR-PCI-MSI 1048582-edge      nvme0q6
 134:          0          0          0          0          0          0          0          0          0          0          0          0          0     141513          0          0          0          0          0          0          0          0          0          0          0          0          0          0          0          0          0          0  IR-PCI-MSI 1048583-edge      nvme0q7
 135:          0          0          0          0          0          0          0          0          0          0          0          0          0          0          0     126998          0          0          0          0          0          0          0          0          0          0          0          0          0          0          0          0  IR-PCI-MSI 1048584-edge      nvme0q8
 136:          0          0          0          0          0          0          0          0          0          0          0          0          0          0          0          0          0      71714          0          0          0          0          0          0          0          0          0          0          0          0          0          0  IR-PCI-MSI 1048585-edge      nvme0q9
 137:          0          0          0          0          0          0          0          0          0          0          0          0          0          0          0          0          0          0          0      64148          0          0          0          0          0          0          0          0          0          0          0          0  IR-PCI-MSI 1048586-edge      nvme0q10
 138:          0          0          0          0          0          0          0          0          0          0          0          0          0          0          0          0          0          0          0          0          0      55717          0          0          0          0          0          0          0          0          0          0  IR-PCI-MSI 1048587-edge      nvme0q11
 139:          0          0          0          0          0          0          0          0          0          0          0          0          0          0          0          0          0          0          0          0          0          0          0      48967          0          0          0          0          0          0          0          0  IR-PCI-MSI 1048588-edge      nvme0q12
 140:          0          0          0          0          0          0          0          0          0          0          0          0          0          0          0          0          0          0          0          0          0          0          0          0          0      37542          0          0          0          0          0          0  IR-PCI-MSI 1048589-edge      nvme0q13
 141:          0          0          0          0          0          0          0          0          0          0          0          0          0          0          0          0          0          0          0          0          0          0          0          0          0          0          0      46471          0          0          0          0  IR-PCI-MSI 1048590-edge      nvme0q14
 142:          0          0          0          0          0          0          0          0          0          0          0          0          0          0          0          0          0          0          0          0          0          0          0          0          0          0          0          0          0      32010          0          0  IR-PCI-MSI 1048591-edge      nvme0q15
 143:          0          0          0          0          0          0          0          0          0          0          0          0          0          0          0          0          0          0          0          0          0          0          0          0          0          0          0          0          0          0          0      34266  IR-PCI-MSI 1048592-edge      nvme0q16
 144:          0          0          0          0          0          0          0          0          0          0        368          0          0          0          0          0          0          0          0          0          0          0          0          0          0          0          0          0          0          0          0          0  IR-PCI-MSI 360448-edge      mei_me
 145:          0          0          0          0          0          0          0          0          0          0          0          0        115          0          0          0          0          0          0          0          0          0          0          0          0          0          0          0   75375354          0          0          0  IR-PCI-MSI 524288-edge      nvidia
 146:          0          0          0          0          0          0          0          0          0          0          0          0          0          0          0          0          0          0          0          0          0          0          0          0          0          0          0          0          0          0          0          0  IR-PCI-MSI 524289-edge      nvidia
 147:          0          0          0          0          0          0          0          0          0          0          0          0          0          0        544          0          0          0   33063502          0          0          0          0          0          0          0          0          0          0          0          0          0  IR-PCI-MSI 524290-edge      nvidia
 148:          0          0          0          0          0          0          0          0          0          0          0          0          0          0          0          0          0          0          0          0          0          0          0          0          0          0          0          0          0          0          0          0  IR-PCI-MSI 524291-edge      nvidia
 149:          0          0          0          0          0          0          0          0          0          0          0          0          0          0          0          0          0          0          0          0          0          0          0          0          0          0          0          0          0          0          0          0  IR-PCI-MSI 524292-edge      nvidia
 150:          0          0          0          0          0          0          0          0          0          0          0          0          0          0          0          0          0          0          0          0          0          0          0          0          0          0          0          0          0          0          0          0  IR-PCI-MSI 524293-edge      nvidia
 151:          0          0          0          0          0          0          0          0          0          0          0          0          0          0          0          0          0          0          0          0          0          0          0          0          0          0          0          0          0          0          0          0  IR-PCI-MSI 524294-edge      nvidia
 152:          0          0          0          0          0          0          0          0          0          0          0          0          0          0          0          0          0          0          0          0          0          0          0          0          0          0          0          0          0          0          0          0  IR-PCI-MSI 524295-edge      nvidia
 153:          0          0      14711          0          0          0          0          0          0          0          0          0          0          0          0          0          0          0          0          0          0          0          0          0          0          0          0          0          0          0          0          0  IR-PCI-MSI 514048-edge      snd_hda_intel:card0
 NMI:       4287        517       4481        405       4482        387       4436        378      12726        366      13271        349       6634        336       6100        333       3148       2486       2433       1860       1710       2547       1676       1466        632       1232       1135       1055       1481       1022        957        902   Non-maskable interrupts
 LOC:  125771450   85127041  130295929   89911354  139561219  106120282  152600866  127716893  151169108   84377619  149758849   86279502  173756329  152341903  157317398  184580037  158988760  146531995  132131683  116062999  104643448  116500093   81808458   77503021   71630491   67131092   64026354   61619517   57110602   60142095   60924757   70307061   Local timer interrupts
 SPU:          0          0          0          0          0          0          0          0          0          0          0          0          0          0          0          0          0          0          0          0          0          0          0          0          0          0          0          0          0          0          0          0   Spurious interrupts
 PMI:       4287        517       4481        405       4482        387       4436        378      12726        366      13271        349       6634        336       6100        333       3148       2486       2433       1860       1710       2547       1676       1466        632       1232       1135       1055       1481       1022        957        902   Performance monitoring interrupts
 IWI:          0          0          0          0          0          0          0          0          0          0          3          0          1          0          0          0          0          0          0          0          0          0          0          0          0          0          0          0          0          0          0          0   IRQ work interrupts
 RTR:          0          0          0          0          0          0          0          0          0          0          0          0          0          0          0          0          0          0          0          0          0          0          0          0          0          0          0          0          0          0          0          0   APIC ICR read retries
 RES:    2473414    2675225    2547152    2381451    2668114    2382149    2807869    2478859    1661727    1559445    1675565    1553489    5290833    2440418    2693037    2545447    3905105    2886955    2449989    2192826    2025609    3378761    2526706    2229837    1995938    1886501    1876953    1944244    2286062    2415957    2829010    3835786   Rescheduling interrupts
 CAL:  107563780   27776750  103270888   20161771  105683666   19590774  107453967   19675629  138908979   13487994  138231645   12135479  125992034   15424023  128896940   15571789   77423430   62480131   54259656   46396441   42497996   43509901   35650967   32951391   30040510   28300071   26630439   25323479   26854276   24352619   22967532   22237827   Function call interrupts
 TLB:   45411733    3521310   48451623    2822195   49838802    2631523   50793968    2528133   61325074    2137567   61051429    1967583   58301855    2142967   57331655    2117545   37387032   31219853   26515916   22680837   19736707   18292922   15194521   13554063   12229940   11101649   10141474    9288444    8427193    7886714    7357975    6769018   TLB shootdowns
 TRM:          0          0          0          0          0          0          0          0          0          0          0          0          0          0          0          0          0          0          0          0          0          0          0          0          0          0          0          0          0          0          0          0   Thermal event interrupts
 THR:          0          0          0          0          0          0          0          0          0          0          0          0          0          0          0          0          0          0          0          0          0          0          0          0          0          0          0          0          0          0          0          0   Threshold APIC interrupts
 DFR:          0          0          0          0          0          0          0          0          0          0          0          0          0          0          0          0          0          0          0          0          0          0          0          0          0          0          0          0          0          0          0          0   Deferred Error APIC interrupts
 MCE:          0          0          0          0          0          0          0          0          0          0          0          0          0          0          0          0          0          0          0          0          0          0          0          0          0          0          0          0          0          0          0          0   Machine check exceptions
 MCP:       2482       2483       2483       2483       2483       2483       2483       2483       2483       2483       2483       2483       2483       2483       2483       2483       2483       2483       2483       2483       2483       2483       2483       2483       2483       2483       2483       2483       2483       2483       2483       2483   Machine check polls
 ERR:          0
 MIS:          0
 PIN:          0          0          0          0          0          0          0          0          0          0          0          0          0          0          0          0          0          0          0          0          0          0          0          0          0          0          0          0          0          0          0          0   Posted-interrupt notification event
 NPI:          0          0          0          0          0          0          0          0          0          0          0          0          0          0          0          0          0          0          0          0          0          0          0          0          0          0          0          0          0          0          0          0   Nested posted-interrupt event
 PIW:          0          0          0          0          0          0          0          0          0          0          0          0          0          0          0          0          0          0          0          0          0          0          0          0          0          0          0          0          0          0          0          0   Posted-interrupt wakeup event
